[ud]
{2 JetEta JetPt 1 JetPt max(0.0001,[0]+([1]/(pow(log10(x),2)+[2]))+([3]*exp(-[4]*(log10(x)-[5])*(log10(x)-[5])))) Correction L5Flavor}
  -5.191  -3.839       0.001          15     8       0.001          15      1.311669699                0                0                0                0                0
  -5.191  -3.839          15   204.31052     8          15   204.31052     0.3051964645      8.822635006      7.174724149    -0.0706307632      3.732632874      1.709102511
  -3.839  -3.489       0.001          15     8       0.001          15      1.169040108                0                0                0                0                0
  -3.839  -3.489          15   215.85521     8          15   215.85521      0.999624206      9.433400173      10.79885988    -0.6165278111      0.100202584      1.610998975
  -3.489  -3.139       0.001          15     8       0.001          15      1.207485804                0                0                0                0                0
  -3.489  -3.139          15   428.26457     8          15   428.26457      0.193739238      16.78281158      14.78471361   -0.06089110306      1.731903444      1.904608516
  -3.139  -2.964       0.001          15     8       0.001          15      1.278900888                0                0                0                0                0
  -3.139  -2.964          15   402.90365     8          15   402.90365      3.345840726      32.87359342      7.220224648     -13.75922717   0.007302502322     -9.605131379
  -2.964  -2.853       0.001          15     8       0.001          15      1.258574808                0                0                0                0                0
  -2.964  -2.853          15   396.51213     8          15   396.51213     0.2502459642      19.35226009      16.39421329   -0.09297987479      6.200180516      1.330135607
  -2.853   -2.65       0.001          15     8       0.001          15      1.202713658                0                0                0                0                0
  -2.853   -2.65          15   589.80266     8          15   589.80266     0.3785470208       12.2089089      12.80205228    -0.0671225867      8.176658228      1.448986616
   -2.65    -2.5       0.001          15     8       0.001          15      1.268890751                0                0                0                0                0
   -2.65    -2.5          15   773.32156     8          15   773.32156     0.8175648898      2.009491934      2.653509517   -0.07897615816      7.684909709      1.438737775
    -2.5  -2.322       0.001          15     8       0.001          15      1.278443661                0                0                0                0                0
    -2.5  -2.322          15   756.02152     8          15   756.02152     0.9282543415      0.973833147      1.189861926    -0.0559984773      11.10576944      1.424083956
  -2.322  -2.172       0.001          15     8       0.001          15      1.296184085                0                0                0                0                0
  -2.322  -2.172          15   970.80422     8          15   970.80422     0.9448672288      1.001547158      1.342047108   -0.05338202559       11.9136338      1.492535995
  -2.172   -1.93       0.001          15     8       0.001          15       1.23424129                0                0                0                0                0
  -2.172   -1.93          15   995.20853     8          15   995.20853     0.9334278051      1.428713009      3.145361802   -0.05289381972      10.26658401      1.529467594
   -1.93  -1.653       0.001          15     8       0.001          15      1.229113108                0                0                0                0                0
   -1.93  -1.653          15    1496.877     8          15    1496.877     0.9457254382      1.309634136      3.072318154   -0.04747619223      8.323009129      1.601221794
  -1.653  -1.479       0.001          15     8       0.001          15      1.201089424                0                0                0                0                0
  -1.653  -1.479          15   1909.8026     8          15   1909.8026     0.9712469397      1.209139458      3.586589481   -0.05762832501      6.442803317      1.651244696
  -1.479  -1.305       0.001          15     8       0.001          15      1.214596449                0                0                0                0                0
  -1.479  -1.305          15    2210.016     8          15    2210.016      1.078315618     0.2938912134     0.2828231991    -0.0670791981      3.597182053       1.55407091
  -1.305  -1.044       0.001          15     8       0.001          15      1.190115703                0                0                0                0                0
  -1.305  -1.044          15   2890.3839     8          15   2890.3839      1.004338404     0.8981487092     0.9587498938    -0.1977818785      1.102247591      1.191681702
  -1.044  -0.783       0.001          15     8       0.001          15      1.153006157                0                0                0                0                0
  -1.044  -0.783          15   3347.4635     8          15   3347.4635      1.023520559     0.4578309341     0.6770718349    -0.1098395857      1.716111208      1.490168159
  -0.783  -0.522       0.001          15     8       0.001          15      1.140997418                0                0                0                0                0
  -0.783  -0.522          15   3864.9497     8          15   3864.9497      1.030918159     0.2551452686      0.115244257   -0.08076831718      1.908240923       1.56860119
  -0.522  -0.261       0.001          15     8       0.001          15      1.140873623                0                0                0                0                0
  -0.522  -0.261          15   3919.1008     8          15   3919.1008      1.028415283      0.246006871     0.1000000005   -0.07370528389      1.946075456      1.582968599
  -0.261       0       0.001          15     8       0.001          15      1.143248061                0                0                0                0                0
  -0.261       0          15    3954.686     8          15    3954.686      1.024120052      0.247928974     0.1000000001    -0.0690495943      2.046226432      1.597264771
       0   0.261       0.001          15     8       0.001          15      1.141099769                0                0                0                0                0
       0   0.261          15   3981.4097     8          15   3981.4097      1.019654615     0.2876679151     0.2258998882   -0.07583379757      1.806229656      1.569599836
   0.261   0.522       0.001          15     8       0.001          15      1.138992659                0                0                0                0                0
   0.261   0.522          15   3946.8001     8          15   3946.8001       1.02700411     0.2449725175     0.1000000003   -0.07402831839      1.959680564      1.586957109
   0.522   0.783       0.001          15     8       0.001          15      1.137643979                0                0                0                0                0
   0.522   0.783          15   3897.6379     8          15   3897.6379      1.023710452     0.3196553329     0.4087235351   -0.08712775991      1.891128633       1.57532478
   0.783   1.044       0.001          15     8       0.001          15      1.150054843                0                0                0                0                0
   0.783   1.044          15   3363.4127     8          15   3363.4127       1.02867535     0.3853064157     0.5343094761     -0.101415368      1.928369082      1.530841572
   1.044   1.305       0.001          15     8       0.001          15      1.182057473                0                0                0                0                0
   1.044   1.305          15    2913.745     8          15    2913.745      1.016466978     0.7587011626      1.187628049    -0.1402439085      1.601763366      1.398834778
   1.305   1.479       0.001          15     8       0.001          15      1.208354013                0                0                0                0                0
   1.305   1.479          15   2272.1963     8          15   2272.1963      1.067453166     0.4147322027     0.8416208139   -0.07671787046      3.356615974      1.570508127
   1.479   1.653       0.001          15     8       0.001          15       1.19492766                0                0                0                0                0
   1.479   1.653          15   1888.3847     8          15   1888.3847     0.9692038902      1.349577778      4.187532842   -0.06099896656       6.06473915      1.639990652
   1.653    1.93       0.001          15     8       0.001          15      1.234304242                0                0                0                0                0
   1.653    1.93          15   1460.4706     8          15   1460.4706     0.9340016677       1.53098017      3.484639662   -0.05112547567      7.403823028      1.591970896
    1.93   2.172       0.001          15     8       0.001          15      1.245324637                0                0                0                0                0
    1.93   2.172          15   1007.4247     8          15   1007.4247     0.9485809025      1.121244606      2.238587409    -0.0508474471      11.35894214      1.524170833
   2.172   2.322       0.001          15     8       0.001          15      1.219919394                0                0                0                0                0
   2.172   2.322          15   980.15744     8          15   980.15744     0.9395598841      1.144421929      2.594605826   -0.04447944907      14.34224822      1.530482017
   2.322     2.5       0.001          15     8       0.001          15      1.255606558                0                0                0                0                0
   2.322     2.5          15   757.81716     8          15   757.81716     0.9362651896     0.8783534883      1.175676207   -0.05360990689      11.98521236      1.435597756
     2.5    2.65       0.001          15     8       0.001          15       1.26345014                0                0                0                0                0
     2.5    2.65          15   758.99543     8          15   758.99543     0.8532794371      1.451322496      1.595884593   -0.09411388959      6.099978602      1.357471261
    2.65   2.853       0.001          15     8       0.001          15      1.205931388                0                0                0                0                0
    2.65   2.853          15   583.35758     8          15   583.35758     0.5783981039       5.77037901      6.938840806   -0.08435443333      5.912409053      1.380736053
   2.853   2.964       0.001          15     8       0.001          15      1.259438769                0                0                0                0                0
   2.853   2.964          15   393.45701     8          15   393.45701   -0.09849637576       36.4261498      24.34150214   -0.07878553151       8.12655196      1.369878031
   2.964   3.139       0.001          15     8       0.001          15       1.29780333                0                0                0                0                0
   2.964   3.139          15   388.07515     8          15   388.07515      1.206854322      10.71555932      12.00118552    -0.7324307813    0.05959950921      1.904158584
   3.139   3.489       0.001          15     8       0.001          15      1.209212297                0                0                0                0                0
   3.139   3.489          15   429.01708     8          15   429.01708     0.2696908383      13.29571328      12.60028653   -0.04506915561      2.885834556      1.868581767
   3.489   3.839       0.001          15     8       0.001          15      1.170923932                0                0                0                0                0
   3.489   3.839          15   215.98688     8          15   215.98688      2.224730619      17.54382155      6.184485918     -5.510795001    0.01386115144     -4.776723889
   3.839   5.191       0.001          15     8       0.001          15       1.30750252                0                0                0                0                0
   3.839   5.191          15   183.96204     8          15   183.96204     0.4053565579      8.880950403      7.878247431    -0.1209401519      2.093481198      1.777131808
[s]
{2 JetEta JetPt 1 JetPt max(0.0001,[0]+([1]/(pow(log10(x),2)+[2]))+([3]*exp(-[4]*(log10(x)-[5])*(log10(x)-[5])))) Correction L5Flavor}
  -5.191  -3.839       0.001          15     8       0.001          15      1.229298863                0                0                0                0                0
  -5.191  -3.839          15   152.13663     8          15   152.13663     0.9821143784      28.14348089      90.83214407    -0.2616357248      1.945671154      2.055984504
  -3.839  -3.489       0.001          15     8       0.001          15      1.140808494                0                0                0                0                0
  -3.839  -3.489          15   218.15633     8          15   218.15633      4.131820706       31.4718346      6.033694236     -17.69276544   0.008039057242     -9.371300927
  -3.489  -3.139       0.001          15     8       0.001          15       1.18390692                0                0                0                0                0
  -3.489  -3.139          15   331.00798     8          15   331.00798     0.4933226703      8.959465978      11.18932691   -0.07513872986      1.887011352      1.982308356
  -3.139  -2.964       0.001          15     8       0.001          15      1.263281919                0                0                0                0                0
  -3.139  -2.964          15   298.40869     8          15   298.40869     0.7312079512      3.985104752       6.10642058   -0.03302112195      23.77688133       1.75856908
  -2.964  -2.853       0.001          15     8       0.001          15      1.266921436                0                0                0                0                0
  -2.964  -2.853          15   308.02317     8          15   308.02317    -0.7718858232      61.90796733      27.03916077    -0.1457731014      3.694839518      1.286645784
  -2.853   -2.65       0.001          15     8       0.001          15      1.245183641                0                0                0                0                0
  -2.853   -2.65          15   597.19845     8          15   597.19845     0.6823675309      3.386886216      3.890594256    -0.1060078234      6.640207483      1.384737718
   -2.65    -2.5       0.001          15     8       0.001          15      1.320494676                0                0                0                0                0
   -2.65    -2.5          15   589.74835     8          15   589.74835     0.8353899849      1.592807914      1.390497619     -0.110923481      6.329882206      1.361884665
    -2.5  -2.322       0.001          15     8       0.001          15      1.329048057                0                0                0                0                0
    -2.5  -2.322          15   754.94912     8          15   754.94912      0.945591742     0.7560598634     0.1000035262    -0.1264323245       5.43409242      1.190243946
  -2.322  -2.172       0.001          15     8       0.001          15      1.344625061                0                0                0                0                0
  -2.322  -2.172          15   713.09311     8          15   713.09311     0.9107959389      1.386920225      1.699063786   -0.05783130138      11.94416243      1.502967572
  -2.172   -1.93       0.001          15     8       0.001          15      1.283116941                0                0                0                0                0
  -2.172   -1.93          15   987.02988     8          15   987.02988     0.9303612276      1.451042052      2.433852937   -0.06245423105      8.109758682       1.49488051
   -1.93  -1.653       0.001          15     8       0.001          15       1.25280042                0                0                0                0                0
   -1.93  -1.653          15   1030.6209     8          15   1030.6209     0.9040147169      2.036566618      4.355039996   -0.04537012406      10.87996991      1.605081748
  -1.653  -1.479       0.001          15     8       0.001          15      1.210649774                0                0                0                0                0
  -1.653  -1.479          15   1503.7343     8          15   1503.7343     0.9458896821      1.765104656      5.080178362   -0.05181923477      7.575290988      1.667255127
  -1.479  -1.305       0.001          15     8       0.001          15      1.261467711                0                0                0                0                0
  -1.479  -1.305          15   1474.5867     8          15   1474.5867       1.05783621     0.6279012447     0.7492256804    -0.1056836504      2.661749584      1.414687945
  -1.305  -1.044       0.001          15     8       0.001          15      1.221469331                0                0                0                0                0
  -1.305  -1.044          15   2414.8933     8          15   2414.8933       1.02672894     0.7279671455      1.596328247   -0.07759651162      3.217274296      1.549196085
  -1.044  -0.783       0.001          15     8       0.001          15      1.182412367                0                0                0                0                0
  -1.044  -0.783          15   3457.9323     8          15   3457.9323      1.020022807     0.5630172963      1.215191944   -0.08372970096      2.680161298      1.578148128
  -0.783  -0.522       0.001          15     8       0.001          15      1.175068966                0                0                0                0                0
  -0.783  -0.522          15   3425.1883     8          15   3425.1883      1.030295601      0.310382825     0.1000000156   -0.07903255618      2.170139156      1.482159438
  -0.522  -0.261       0.001          15     8       0.001          15      1.169938891                0                0                0                0                0
  -0.522  -0.261          15   3869.6967     8          15   3869.6967      1.031856727     0.2677032803        0.1192202   -0.06084453533      2.681557403      1.570405244
  -0.261       0       0.001          15     8       0.001          15       1.17320362                0                0                0                0                0
  -0.261       0          15   3979.0866     8          15   3979.0866      1.025967532     0.2824251957     0.1000000178   -0.06049261034      2.427764396      1.548728188
       0   0.261       0.001          15     8       0.001          15      1.166841777                0                0                0                0                0
       0   0.261          15   3959.7701     8          15   3959.7701      1.027842218     0.2536248817      0.100000006   -0.05255754358      2.701304998      1.604669626
   0.261   0.522       0.001          15     8       0.001          15      1.171726258                0                0                0                0                0
   0.261   0.522          15   3944.4606     8          15   3944.4606      1.009396798     0.5018656592     0.3526305733    -0.1282201492      1.224509276      1.271683566
   0.522   0.783       0.001          15     8       0.001          15      1.172611211                0                0                0                0                0
   0.522   0.783          15    3459.658     8          15    3459.658      1.026855832     0.3464227987     0.2885600771   -0.08009439693      2.207186549      1.522407467
   0.783   1.044       0.001          15     8       0.001          15      1.177555798                0                0                0                0                0
   0.783   1.044          15   2925.8349     8          15   2925.8349       1.04090246     0.3240341012     0.4642912368   -0.06796075108      3.211752863      1.594431572
   1.044   1.305       0.001          15     8       0.001          15      1.213257102                0                0                0                0                0
   1.044   1.305          15     1971.28     8          15     1971.28        1.0224059     0.7817808705      1.535557084   -0.09833979305      2.592975189      1.483266474
   1.305   1.479       0.001          15     8       0.001          15      1.251286357                0                0                0                0                0
   1.305   1.479          15   1443.0107     8          15   1443.0107      1.041490708      0.857660868      1.640713511    -0.1044235712      3.187047897      1.505902206
   1.479   1.653       0.001          15     8       0.001          15      1.206101646                0                0                0                0                0
   1.479   1.653          15    1519.587     8          15    1519.587     0.8824414254      3.346508085      8.680612134   -0.05484210004      7.337157572      1.674399909
   1.653    1.93       0.001          15     8       0.001          15      1.257484726                0                0                0                0                0
   1.653    1.93          15   1010.7839     8          15   1010.7839     0.8833912782      2.478730607      5.092952094   -0.04693216131        8.5428712      1.620948799
    1.93   2.172       0.001          15     8       0.001          15      1.284742895                0                0                0                0                0
    1.93   2.172          15   1005.8062     8          15   1005.8062     0.9316569818      1.367857529      2.274501656   -0.04962490574       7.75512067      1.510188074
   2.172   2.322       0.001          15     8       0.001          15      1.283999712                0                0                0                0                0
   2.172   2.322          15   750.07278     8          15   750.07278     0.9404885944      1.061400815      1.442369862   -0.06447174565      9.155999117      1.451878337
   2.322     2.5       0.001          15     8       0.001          15      1.310810089                0                0                0                0                0
   2.322     2.5          15   762.23143     8          15   762.23143     0.9610410691     0.6431680652     0.1002095001   -0.09017861067      6.814741367      1.279778098
     2.5    2.65       0.001          15     8       0.001          15      1.290894693                0                0                0                0                0
     2.5    2.65          15   581.38328     8          15   581.38328     0.8272178621      1.704929322      1.840181601   -0.08091747184      7.078666945      1.350449768
    2.65   2.853       0.001          15     8       0.001          15       1.23467636                0                0                0                0                0
    2.65   2.853          15   437.43926     8          15   437.43926     0.3448725159      11.43530437      11.05247845     -0.066974753      9.982262821      1.461192678
   2.853   2.964       0.001          15     8       0.001          15       1.27315092                0                0                0                0                0
   2.853   2.964          15   303.20826     8          15   303.20826    -0.1425428681       29.2780022      17.60708282      -0.13523164      4.392284941      1.302663257
   2.964   3.139       0.001          15     8       0.001          15      1.267727825                0                0                0                0                0
   2.964   3.139          15   285.17935     8          15   285.17935      1.124238372      4.248445646      25.81347059    -0.1704715743      2.478502209       2.19936061
   3.139   3.489       0.001          15     8       0.001          15      1.184990338                0                0                0                0                0
   3.139   3.489          15   313.46647     8          15   313.46647      1.097453132      20.13412655      91.59984437    -0.3449401857     0.5778827694      2.480708753
   3.489   3.839       0.001          15     8       0.001          15      1.147228574                0                0                0                0                0
   3.489   3.839          15   215.32942     8          15   215.32942      2.475072064      12.00111744      6.409822037     -4.646596582   0.006186552856     -7.655935203
   3.839   5.191       0.001          15     8       0.001          15      1.233673875                0                0                0                0                0
   3.839   5.191          15   152.67388     8          15   152.67388     0.7295609376      8.318696515      12.27701329    -0.2126417315      1.052512283      1.995669372
[c]
{2 JetEta JetPt 1 JetPt max(0.0001,[0]+([1]/(pow(log10(x),2)+[2]))+([3]*exp(-[4]*(log10(x)-[5])*(log10(x)-[5])))) Correction L5Flavor}
  -5.191  -3.839       0.001          15     8       0.001          15       1.30548237                0                0                0                0                0
  -5.191  -3.839          15   153.41055     8          15   153.41055     0.2848704927      9.652394094      3.921706646    -0.9833211445     0.2945934083     0.3364585737
  -3.839  -3.489       0.001          15     8       0.001          15      1.224365232                0                0                0                0                0
  -3.839  -3.489          15   207.93523     8          15   207.93523      1.607570759      9.347133789       15.3460503     -1.038715153    0.06788075098      2.376424949
  -3.489  -3.139       0.001          15     8       0.001          15      1.279117505                0                0                0                0                0
  -3.489  -3.139          15   325.85511     8          15   325.85511    -0.2771509811      31.80369635      18.97066965   -0.04395022272      5.579882924      1.766831159
  -3.139  -2.964       0.001          15     8       0.001          15      1.364701454                0                0                0                0                0
  -3.139  -2.964          15   302.51562     8          15   302.51562     0.4117704265      9.107053597      6.460195174    -0.2205601711     0.6560855963     0.8793799328
  -2.964  -2.853       0.001          15     8       0.001          15      1.330503668                0                0                0                0                0
  -2.964  -2.853          15    291.8623     8          15    291.8623    -0.5393509224      46.16715568      21.65521311    -0.1474690563      3.716028851        1.3362157
  -2.853   -2.65       0.001          15     8       0.001          15      1.292407603                0                0                0                0                0
  -2.853   -2.65          15   576.37034     8          15   576.37034     0.4841819126       7.80495688       7.75305556   -0.09298963249      7.610060715      1.479933361
   -2.65    -2.5       0.001          15     8       0.001          15      1.384365807                0                0                0                0                0
   -2.65    -2.5          15    577.4168     8          15    577.4168     0.8431318781       1.64474419       1.25414511    -0.1172926239      6.361000684      1.411674002
    -2.5  -2.322       0.001          15     8       0.001          15       1.37614238                0                0                0                0                0
    -2.5  -2.322          15   740.98622     8          15   740.98622     0.8953002275      1.427299555      1.432688311    -0.0674471934      9.105321686      1.499435238
  -2.322  -2.172       0.001          15     8       0.001          15      1.410060651                0                0                0                0                0
  -2.322  -2.172          15    1012.266     8          15    1012.266     0.7608464356      2.706504355     0.2377779656     -3.638204466     0.4108860332    -0.5828486408
  -2.172   -1.93       0.001          15     8       0.001          15      1.329589943                0                0                0                0                0
  -2.172   -1.93          15   980.00103     8          15   980.00103     0.9042200361      1.849277335      2.528667371   -0.08047839018      5.124782136      1.497702452
   -1.93  -1.653       0.001          15     8       0.001          15      1.309685771                0                0                0                0                0
   -1.93  -1.653          15   1450.0753     8          15   1450.0753     0.8827539235       2.38759098       3.90476943   -0.06235216241      4.595432244      1.626134724
  -1.653  -1.479       0.001          15     8       0.001          15      1.279328913                0                0                0                0                0
  -1.653  -1.479          15   1479.4312     8          15   1479.4312     0.8815704773      2.832426141      4.977964254    -0.0922116773      3.161237463      1.634097259
  -1.479  -1.305       0.001          15     8       0.001          15      1.288324909                0                0                0                0                0
  -1.479  -1.305          15   1884.5129     8          15   1884.5129     0.9881035991      1.571985557      2.291009455    -0.1449495919       1.67034218      1.452162349
  -1.305  -1.044       0.001          15     8       0.001          15      1.266066578                0                0                0                0                0
  -1.305  -1.044          15   2389.6386     8          15   2389.6386     0.9331896049       2.09517942       2.21515812       -0.2521159      1.001316406      1.280394594
  -1.044  -0.783       0.001          15     8       0.001          15      1.213281929                0                0                0                0                0
  -1.044  -0.783          15    2931.381     8          15    2931.381      0.955556613      1.538386163      1.956831008    -0.2097940822      1.058367777      1.354212622
  -0.783  -0.522       0.001          15     8       0.001          15      1.193773331                0                0                0                0                0
  -0.783  -0.522          15   3862.4339     8          15   3862.4339     0.9577394478      1.398980208      2.094377734    -0.1786122966      1.093474583      1.432171152
  -0.522  -0.261       0.001          15     8       0.001          15      1.195161637                0                0                0                0                0
  -0.522  -0.261          15   3925.6059     8          15   3925.6059     0.9644892512      1.243693532      1.607497166    -0.1902482629     0.9639099166      1.343411024
  -0.261       0       0.001          15     8       0.001          15      1.198817415                0                0                0                0                0
  -0.261       0          15   3927.7227     8          15   3927.7227      0.981831941     0.9129863698      1.089149624    -0.1582578855      1.102109305      1.362771825
       0   0.261       0.001          15     8       0.001          15      1.196877271                0                0                0                0                0
       0   0.261          15   3960.6966     8          15   3960.6966     0.9716494484      1.045496197      1.118466567    -0.1942494605     0.9297509718       1.26909312
   0.261   0.522       0.001          15     8       0.001          15      1.193997246                0                0                0                0                0
   0.261   0.522          15    3912.924     8          15    3912.924      0.978581091      1.002332397      1.372013135    -0.1578548201       1.11981158      1.411201368
   0.522   0.783       0.001          15     8       0.001          15      1.194450388                0                0                0                0                0
   0.522   0.783          15   3880.1804     8          15   3880.1804     0.9356527736      1.699017915      1.879449265    -0.2629761059     0.8131631718      1.245367693
   0.783   1.044       0.001          15     8       0.001          15       1.20964854                0                0                0                0                0
   0.783   1.044          15   3357.8266     8          15   3357.8266     0.9855933724      1.098160758      1.474273156    -0.1714948203      1.245137594      1.409386177
   1.044   1.305       0.001          15     8       0.001          15      1.255062118                0                0                0                0                0
   1.044   1.305          15   2420.7831     8          15   2420.7831     0.8953152097      2.603898329      2.240270707    -0.3590895253     0.8254660102      1.149178316
   1.305   1.479       0.001          15     8       0.001          15      1.284329109                0                0                0                0                0
   1.305   1.479          15      1837.2     8          15      1837.2      1.021433886      1.186030453      2.141859728    -0.1059446492      2.351555618      1.569948325
   1.479   1.653       0.001          15     8       0.001          15      1.263851808                0                0                0                0                0
   1.479   1.653          15   1459.3846     8          15   1459.3846     0.9134266214        2.5753898      5.684344096    -0.0641719609      5.588393993      1.698393322
   1.653    1.93       0.001          15     8       0.001          15      1.320747026                0                0                0                0                0
   1.653    1.93          15   1483.3022     8          15   1483.3022     0.8712015144      2.486512039      3.494432418   -0.09072615041      3.149343787      1.536732183
    1.93   2.172       0.001          15     8       0.001          15      1.332063207                0                0                0                0                0
    1.93   2.172          15   985.57048     8          15   985.57048     0.9095725508      1.720313763      2.473128115   -0.06447076916      7.914053727      1.532351058
   2.172   2.322       0.001          15     8       0.001          15      1.321792865                0                0                0                0                0
   2.172   2.322          15   977.92329     8          15   977.92329     0.9118202333      1.462728603      1.792775223   -0.08192695457      5.270360589      1.478534599
   2.322     2.5       0.001          15     8       0.001          15      1.338855924                0                0                0                0                0
   2.322     2.5          15    756.4962     8          15    756.4962     0.8978805741      1.418139724      1.708572555   -0.06212885215      11.82614286      1.501879715
     2.5    2.65       0.001          15     8       0.001          15      1.350433994                0                0                0                0                0
     2.5    2.65          15   578.61923     8          15   578.61923     0.8185133066      1.960667497      1.963043349   -0.08812902553      6.735854203      1.445693435
    2.65   2.853       0.001          15     8       0.001          15       1.29257988                0                0                0                0                0
    2.65   2.853          15   425.62454     8          15   425.62454     0.4269012222      8.959499421      8.541527397    -0.0808317988      8.343526648       1.48177382
   2.853   2.964       0.001          15     8       0.001          15      1.340787336                0                0                0                0                0
   2.853   2.964          15    402.7511     8          15    402.7511    -0.4904717253      16.62281835      1.780446853      -6.96568541     0.3596802119     -0.229342116
   2.964   3.139       0.001          15     8       0.001          15      1.375644144                0                0                0                0                0
   2.964   3.139          15   297.65441     8          15   297.65441     0.6819778664      5.078468466      5.938007788    -0.0199140065      99.99999999      1.609077856
   3.139   3.489       0.001          15     8       0.001          15      1.289957721                0                0                0                0                0
   3.139   3.489          15   320.82997     8          15   320.82997     0.3255378262      9.047477039      5.751537206    -0.3105733268     0.5197602893     0.9681320027
   3.489   3.839       0.001          15     8       0.001          15      1.227694215                0                0                0                0                0
   3.489   3.839          15   211.64614     8          15   211.64614     0.8094732794       1.86935555      3.086589292    -0.0161958109      99.99999996      1.664214492
   3.839   5.191       0.001          15     8       0.001          15      1.297879813                0                0                0                0                0
   3.839   5.191          15   152.30512     8          15   152.30512      1.201296726      13.75181119       8.05681699     -1.360308956     0.1003855643      1.207366345
[b]
{2 JetEta JetPt 1 JetPt max(0.0001,[0]+([1]/(pow(log10(x),2)+[2]))+([3]*exp(-[4]*(log10(x)-[5])*(log10(x)-[5])))) Correction L5Flavor}
  -5.191  -3.839       0.001          15     8       0.001          15       1.33118715                0                0                0                0                0
  -5.191  -3.839          15   121.71169     8          15   121.71169     -1.063986744      83.92034637      2.906909897     -91.67103622     0.0557543826     -4.305441202
  -3.839  -3.489       0.001          15     8       0.001          15       1.27619914                0                0                0                0                0
  -3.839  -3.489          15   158.71028     8          15   158.71028     0.5448439657      5.093654919      5.581489552   -0.02101675378       99.9999984      1.579041583
  -3.489  -3.139       0.001          15     8       0.001          15       1.34751352                0                0                0                0                0
  -3.489  -3.139          15   214.39701     8          15   214.39701     0.3765790092      8.876994943      7.712789457   -0.06204899631      7.349340494      1.761701512
  -3.139  -2.964       0.001          15     8       0.001          15      1.423182223                0                0                0                0                0
  -3.139  -2.964          15   323.84872     8          15   323.84872     0.9288109539      1.602521024      1.858342841     -9.190117079      0.381752677     -12.16881555
  -2.964  -2.853       0.001          15     8       0.001          15      1.420346972                0                0                0                0                0
  -2.964  -2.853          15   271.72094     8          15   271.72094    -0.4171841797      41.08996087      20.60497129    -0.1131911749      14.02704097      1.479191809
  -2.853   -2.65       0.001          15     8       0.001          15      1.343469177                0                0                0                0                0
  -2.853   -2.65          15   421.71788     8          15   421.71788     0.4606567782      7.827256503      7.093972582   -0.09707892504      6.844380708      1.533371396
   -2.65    -2.5       0.001          15     8       0.001          15      1.415723614                0                0                0                0                0
   -2.65    -2.5          15   574.74392     8          15   574.74392     0.8068371113      2.220239498      2.187474792   -0.08982928482      13.81553116      1.550785667
    -2.5  -2.322       0.001          15     8       0.001          15      1.429129603                0                0                0                0                0
    -2.5  -2.322          15   561.18052     8          15   561.18052     0.9236694306      1.225787097     0.9792377049   -0.05947014767      11.70353228      1.532860917
  -2.322  -2.172       0.001          15     8       0.001          15       1.46183951                0                0                0                0                0
  -2.322  -2.172          15   748.53298     8          15   748.53298      0.928553403      1.260867741     0.8056607427   -0.08386673954      7.361795622      1.478613593
  -2.172   -1.93       0.001          15     8       0.001          15      1.369604255                0                0                0                0                0
  -2.172   -1.93          15   981.13168     8          15   981.13168     0.9150307401      1.845932459      2.588503884    -0.0530518175      9.456193577      1.593686876
   -1.93  -1.653       0.001          15     8       0.001          15       1.35832381                0                0                0                0                0
   -1.93  -1.653          15   1010.4499     8          15   1010.4499     0.8794538128        2.4381849      3.581061658    -0.0553231526      5.806679945      1.685250915
  -1.653  -1.479       0.001          15     8       0.001          15      1.331590068                0                0                0                0                0
  -1.653  -1.479          15   1475.0222     8          15   1475.0222      0.957648815      1.578718056      2.685831567   -0.06471492947      5.720338837      1.692898107
  -1.479  -1.305       0.001          15     8       0.001          15       1.31796189                0                0                0                0                0
  -1.479  -1.305          15   1435.6413     8          15   1435.6413      1.039480027      1.014119974      1.927033007   -0.06660972649      3.363677866      1.684958188
  -1.305  -1.044       0.001          15     8       0.001          15      1.312833316                0                0                0                0                0
  -1.305  -1.044          15   2409.6495     8          15   2409.6495     0.7545962414      5.307820978       1.21311171     -4.204872836     0.1841925551     -1.200166562
  -1.044  -0.783       0.001          15     8       0.001          15      1.262555848                0                0                0                0                0
  -1.044  -0.783          15   2891.4582     8          15   2891.4582     0.9911243118      1.049825796      1.156651799    -0.1576456381      1.332313511      1.457019635
  -0.783  -0.522       0.001          15     8       0.001          15      1.218827446                0                0                0                0                0
  -0.783  -0.522          15   3885.8356     8          15   3885.8356     0.9655277294      1.292708795      1.726401276    -0.1742473204      1.070649657      1.432353022
  -0.522  -0.261       0.001          15     8       0.001          15      1.226470456                0                0                0                0                0
  -0.522  -0.261          15   3966.5043     8          15   3966.5043     0.7936026835      4.663726621      1.202573662     -4.561574963     0.1473707083     -1.680202198
  -0.261       0       0.001          15     8       0.001          15      1.221685699                0                0                0                0                0
  -0.261       0          15   3918.8916     8          15   3918.8916     0.9849358102     0.8809529433      1.217069904    -0.1234488182      1.448974806      1.538606585
       0   0.261       0.001          15     8       0.001          15      1.216700855                0                0                0                0                0
       0   0.261          15    3961.634     8          15    3961.634     0.9526858741      1.378341582      1.721619425    -0.1859465208     0.9127804704      1.366037907
   0.261   0.522       0.001          15     8       0.001          15      1.214933248                0                0                0                0                0
   0.261   0.522          15   3965.0256     8          15   3965.0256     0.9548574168       1.41451745      1.971672553    -0.1735822831       1.00819225       1.44295429
   0.522   0.783       0.001          15     8       0.001          15      1.217778149                0                0                0                0                0
   0.522   0.783          15   3392.2775     8          15   3392.2775     0.9634673913      1.319815089      1.675643301    -0.1855116963     0.9777877946      1.393065254
   0.783   1.044       0.001          15     8       0.001          15       1.26097685                0                0                0                0                0
   0.783   1.044          15   3391.6614     8          15   3391.6614     0.9815111842      1.140553213      1.144509701    -0.1846656556      1.259718943      1.415945897
   1.044   1.305       0.001          15     8       0.001          15       1.28737089                0                0                0                0                0
   1.044   1.305          15   2411.7966     8          15   2411.7966      1.027753653     0.8953321884      1.368033565   -0.09459460557      2.110518275      1.590688902
   1.305   1.479       0.001          15     8       0.001          15       1.33447277                0                0                0                0                0
   1.305   1.479          15   1410.2742     8          15   1410.2742     0.7447740458      5.714058555      1.262014554     -4.325751408     0.1921711118     -1.120096933
   1.479   1.653       0.001          15     8       0.001          15       1.29653053                0                0                0                0                0
   1.479   1.653          15   1465.7772     8          15   1465.7772     0.9303785209      2.266253703      4.675241461     -0.055732846      6.633686451      1.718535276
   1.653    1.93       0.001          15     8       0.001          15      1.369985599                0                0                0                0                0
   1.653    1.93          15   1000.4222     8          15   1000.4222     0.9265906806       1.79628463      2.491136457   -0.05647082699      5.157268263      1.622103449
    1.93   2.172       0.001          15     8       0.001          15      1.386272274                0                0                0                0                0
    1.93   2.172          15   987.85459     8          15   987.85459     0.9426403542      1.378937499      1.645308627   -0.05366608506      9.189526489      1.583350754
   2.172   2.322       0.001          15     8       0.001          15      1.371529763                0                0                0                0                0
   2.172   2.322          15   755.13025     8          15   755.13025     0.9101005609      1.500746638      1.616339428   -0.09003741024      7.262422582      1.516039641
   2.322     2.5       0.001          15     8       0.001          15      1.405267979                0                0                0                0                0
   2.322     2.5          15   731.63639     8          15   731.63639     0.9123047321      1.211404765     0.7518674198   -0.09793465938      6.299824042      1.384840151
     2.5    2.65       0.001          15     8       0.001          15      1.418217331                0                0                0                0                0
     2.5    2.65          15   565.45622     8          15   565.45622     0.8507274991      1.632026881      1.275781034    -0.0969340996       8.25239236      1.475355241
    2.65   2.853       0.001          15     8       0.001          15      1.357565991                0                0                0                0                0
    2.65   2.853          15   427.15785     8          15   427.15785     0.5508185873      5.764393627      5.536207135   -0.08935480782      8.933600923      1.545924503
   2.853   2.964       0.001          15     8       0.001          15      1.427007861                0                0                0                0                0
   2.853   2.964          15     289.676     8          15     289.676     0.5631381459      4.790485056      1.875159147    -0.6369746311       1.47208723     0.9931352873
   2.964   3.139       0.001          15     8       0.001          15      1.451600987                0                0                0                0                0
   2.964   3.139          15    274.1282     8          15    274.1282        1.0198607     0.8200671399     0.5038270544  -0.005861714163      99.99999484      1.261146299
   3.139   3.489       0.001          15     8       0.001          15      1.362010199                0                0                0                0                0
   3.139   3.489          15   212.93812     8          15   212.93812     0.7844598496      1.772075245      1.685070402   -0.02188459739      52.95946646      1.740915961
   3.489   3.839       0.001          15     8       0.001          15      1.288966773                0                0                0                0                0
   3.489   3.839          15   204.46164     8          15   204.46164     0.4282403695      7.480482425        7.2675222   -0.02772104516      10.07913071      1.614405923
   3.839   5.191       0.001          15     8       0.001          15      1.337341156                0                0                0                0                0
   3.839   5.191          15    116.0428     8          15    116.0428       1.18692748      18.44022896       3.05289639     -8.429214892     0.0619833205     -2.288003622
[g]
{2 JetEta JetPt 1 JetPt max(0.0001,[0]+([1]/(pow(log10(x),2)+[2]))+([3]*exp(-[4]*(log10(x)-[5])*(log10(x)-[5])))) Correction L5Flavor}
  -5.191  -3.839       0.001          15     8       0.001          15      1.324889479                0                0                0                0                0
  -5.191  -3.839          15   146.03189     8          15   146.03189      3.400950711       28.6709707      4.960538484     -9.888980797    0.02414226127     -2.919770378
  -3.839  -3.489       0.001          15     8       0.001          15      1.241003923                0                0                0                0                0
  -3.839  -3.489          15    204.2494     8          15    204.2494      2.654924384      21.74124412      5.680005735     -10.97537259   0.009940014675     -8.304108309
  -3.489  -3.139       0.001          15     8       0.001          15      1.311363531                0                0                0                0                0
  -3.489  -3.139          15   312.19809     8          15   312.19809    -0.8317397664      66.24185952      29.34820138   -0.06393042135       3.40164479      1.870325819
  -3.139  -2.964       0.001          15     8       0.001          15      1.359778981                0                0                0                0                0
  -3.139  -2.964          15   282.84238     8          15   282.84238      0.968101217       1.32909548      1.611180035     -58.05206335      97.57157414     0.9079711603
  -2.964  -2.853       0.001          15     8       0.001          15      1.386779972                0                0                0                0                0
  -2.964  -2.853          15   285.59797     8          15   285.59797      1.166595956     0.3265748734              0.1   -0.08678022089      26.52493412      2.464823616
  -2.853   -2.65       0.001          15     8       0.001          15      1.358247287                0                0                0                0                0
  -2.853   -2.65          15   414.35334     8          15   414.35334     0.4098964068      8.757105373      7.390804667    -0.1005619134       6.51273246      1.504936929
   -2.65    -2.5       0.001          15     8       0.001          15      1.428563063                0                0                0                0                0
   -2.65    -2.5          15   564.20392     8          15   564.20392     0.7769904727      2.532286766      2.284257229   -0.09346466509      7.291988982      1.522788054
    -2.5  -2.322       0.001          15     8       0.001          15      1.443760579                0                0                0                0                0
    -2.5  -2.322          15   739.96279     8          15   739.96279      0.907616642      1.387417643      1.109708671   -0.06498927775       9.79115397      1.520069266
  -2.322  -2.172       0.001          15     8       0.001          15      1.464245348                0                0                0                0                0
  -2.322  -2.172          15   727.70018     8          15   727.70018     0.9406101695      1.288747519     0.9592474943   -0.07509510065      8.345289391      1.529136293
  -2.172   -1.93       0.001          15     8       0.001          15      1.366501923                0                0                0                0                0
  -2.172   -1.93          15   939.37843     8          15   939.37843     0.9107350674      1.979833259        2.7629573   -0.06630259471      6.910627211      1.577745061
   -1.93  -1.653       0.001          15     8       0.001          15      1.349449628                0                0                0                0                0
   -1.93  -1.653          15   990.10227     8          15   990.10227     0.9274020432      1.855893877      2.775700851   -0.06258033552      4.837619874      1.619262571
  -1.653  -1.479       0.001          15     8       0.001          15      1.308987503                0                0                0                0                0
  -1.653  -1.479          15   1426.0978     8          15   1426.0978     0.9092834838      2.480726248      4.126445664   -0.09330573303      2.985393197      1.629210919
  -1.479  -1.305       0.001          15     8       0.001          15      1.317166691                0                0                0                0                0
  -1.479  -1.305          15   1866.2058     8          15   1866.2058      1.003796266       1.57999197      1.901362935    -0.1784458387      1.310803514      1.394113764
  -1.305  -1.044       0.001          15     8       0.001          15      1.289002052                0                0                0                0                0
  -1.305  -1.044          15   2404.5354     8          15   2404.5354     0.9547326378      1.993700332      2.171709384    -0.2323475141      1.050980891      1.330983211
  -1.044  -0.783       0.001          15     8       0.001          15      1.242110502                0                0                0                0                0
  -1.044  -0.783          15   2884.8309     8          15   2884.8309     0.9181196791      2.292891765      2.426282033     -0.282290626     0.8723004948      1.310125176
  -0.783  -0.522       0.001          15     8       0.001          15      1.223901348                0                0                0                0                0
  -0.783  -0.522          15   3410.9817     8          15   3410.9817     0.8296302954      3.613377379      2.167524973    -0.6633029112     0.4610986667     0.8091620753
  -0.522  -0.261       0.001          15     8       0.001          15      1.221738443                0                0                0                0                0
  -0.522  -0.261          15   3427.6421     8          15   3427.6421     0.8772858051      2.709384945      1.827013998    -0.5252326626     0.5059746617     0.8612453167
  -0.261       0       0.001          15     8       0.001          15      1.223972782                0                0                0                0                0
  -0.261       0          15   3959.4408     8          15   3959.4408     0.9118632669      2.046238581      1.568696375     -0.388728124     0.6056806507     0.9950497863
       0   0.261       0.001          15     8       0.001          15      1.220570692                0                0                0                0                0
       0   0.261          15   3951.6462     8          15   3951.6462     0.8958603067      2.301533457       1.76918774    -0.4137674895     0.5808953441      0.988373019
   0.261   0.522       0.001          15     8       0.001          15      1.214458745                0                0                0                0                0
   0.261   0.522          15    3452.711     8          15    3452.711     0.9408881512      1.669279902       1.89731152     -0.238392231     0.8518804768      1.300326564
   0.522   0.783       0.001          15     8       0.001          15      1.220724765                0                0                0                0                0
   0.522   0.783          15   3413.4988     8          15   3413.4988     0.9120841179      2.179786066      2.047369422    -0.3268329789     0.7228856221      1.193456353
   0.783   1.044       0.001          15     8       0.001          15      1.236355263                0                0                0                0                0
   0.783   1.044          15   2415.5339     8          15   2415.5339     0.9234600472      2.178928483      2.215975467    -0.2952093759     0.8492416307      1.280231465
   1.044   1.305       0.001          15     8       0.001          15      1.272026961                0                0                0                0                0
   1.044   1.305          15   2299.7756     8          15   2299.7756     0.9641227081      1.918041893      2.686098872    -0.1822912464      1.308793871      1.464878916
   1.305   1.479       0.001          15     8       0.001          15      1.309415701                0                0                0                0                0
   1.305   1.479          15   1842.5998     8          15   1842.5998       1.04865371      1.022560282      1.464608659    -0.1209855645       1.83140433      1.512743907
   1.479   1.653       0.001          15     8       0.001          15      1.295075379                0                0                0                0                0
   1.479   1.653          15   1439.9641     8          15   1439.9641      0.897557211      2.893470817      5.036783146   -0.09440333259      2.852077087      1.624665962
   1.653    1.93       0.001          15     8       0.001          15      1.346411759                0                0                0                0                0
   1.653    1.93          15    980.2815     8          15    980.2815     0.9081723593      2.224182665      3.383776438   -0.06685637041      4.448688391       1.61529933
    1.93   2.172       0.001          15     8       0.001          15      1.377252531                0                0                0                0                0
    1.93   2.172          15   975.02858     8          15   975.02858       0.94166667      1.465178598      1.797554352   -0.06341396838      6.464465237      1.555107605
   2.172   2.322       0.001          15     8       0.001          15      1.374289027                0                0                0                0                0
   2.172   2.322          15   955.35359     8          15   955.35359     0.9487535947      1.215765449      1.336053959   -0.06984234742      8.714659773      1.543336692
   2.322     2.5       0.001          15     8       0.001          15      1.408421898                0                0                0                0                0
   2.322     2.5          15   729.95416     8          15   729.95416     0.9200444502      1.257411277      1.073455196   -0.06686324334      9.370974738      1.510382893
     2.5    2.65       0.001          15     8       0.001          15      1.413744091                0                0                0                0                0
     2.5    2.65          15   565.00192     8          15   565.00192     0.7933945123      2.304537283      2.134463543   -0.08529190888      7.656130887      1.518358209
    2.65   2.853       0.001          15     8       0.001          15      1.362818161                0                0                0                0                0
    2.65   2.853          15   574.47971     8          15   574.47971     0.5481591364      5.848540919      5.431463131    -0.0904298854      7.283525784      1.492715817
   2.853   2.964       0.001          15     8       0.001          15      1.400581187                0                0                0                0                0
   2.853   2.964          15   383.07496     8          15   383.07496    -0.5732065748       52.3665612      24.48030468   -0.09459881638      6.434671309      1.486243176
   2.964   3.139       0.001          15     8       0.001          15      1.403234006                0                0                0                0                0
   2.964   3.139          15   289.64703     8          15   289.64703      0.664926504      6.072856021      6.834087953   -0.01938259996      11.17405191      1.718096577
   3.139   3.489       0.001          15     8       0.001          15      1.316918399                0                0                0                0                0
   3.139   3.489          15   301.78026     8          15   301.78026   0.007017409097       20.0470671      13.86242532   -0.03972735398      5.141708026      1.809804558
   3.489   3.839       0.001          15     8       0.001          15      1.243859989                0                0                0                0                0
   3.489   3.839          15   206.95774     8          15   206.95774       1.58334117      26.94264384       4.19511105     -51.26141142    0.01464789381     -11.33878723
   3.839   5.191       0.001          15     8       0.001          15      1.316207002                0                0                0                0                0
   3.839   5.191          15   150.28585     8          15   150.28585     0.9267227197     0.6666403504     0.1477931592    -0.2681862545      8.097094224     0.7093192743
