[ud]
{1 JetEta 1 JetPt max(0.0001,((x<[6])*([7]))+((x>=[6])*([0]+([1]/(pow(log10(x),2)+[2]))+([3]*exp(-[4]*(log10(x)-[5])*(log10(x)-[5])))))) Correction L5Flavor}
  -5.191  -3.839    10       0.001        6500    -0.7306461375      38.64712522      2.315790544     -74.78824432    0.06440302709     -4.648179446       12.9731016      1.321664241
  -3.839  -3.489    10       0.001        6500      1.301053336      30.05414701      5.431167809     -19.01177774    0.01832693806     -7.645945584      18.94063335      1.137951137
  -3.489  -3.139    10       0.001        6500     0.8559245092      9.838838164      23.48562432    -0.2200755229      0.714511228      2.517767329      18.47850975       1.17614336
  -3.139  -2.964    10       0.001        6500      5.621109406       80.9417867       7.97156344     -39.98797748   0.006704290738      -11.7537164      21.84252153      1.239265711
  -2.964  -2.853    10       0.001        6500      0.450495101      11.47385029      12.04633452   -0.02202485831      99.99999403      1.491218187       16.7154495       1.29773527
  -2.853   -2.65    10       0.001        6500     0.5617328428      5.948291964      7.512154483   -0.03527046484      14.62547049      1.548689988       14.1642982      1.231316175
   -2.65    -2.5    10       0.001        6500     0.7924500667      2.649200901      4.434802094   -0.04429560243      11.28828277      1.499508534      11.21856658       1.26636568
    -2.5  -2.322    10       0.001        6500     0.9188583658     0.9748157007      1.246399889   -0.03335106857      14.89763265      1.459344032      13.14392748      1.303183448
  -2.322  -2.172    10       0.001        6500     0.9555857913     0.7568683326      1.053840863   -0.04053813476       14.9238924      1.520100314       13.2479483      1.278986681
  -2.172   -1.93    10       0.001        6500     0.9629412056     0.8366402677      1.632427545   -0.04299616347      11.96761703      1.571346972       13.4518681      1.246659851
   -1.93  -1.653    10       0.001        6500     0.9735813122     0.7523902396      1.546688627    -0.0428664274      8.278839654      1.623958986      13.63815567      1.233123817
  -1.653  -1.479    10       0.001        6500     0.9031523393      2.607536612     0.8933687439       -5.9008422     0.1179814984     -2.895917819      13.91485249      1.227176793
  -1.479  -1.305    10       0.001        6500      1.073651318     0.2681801925              0.1    -0.0551639831      3.260616309      1.622952477      13.68713478      1.240933253
  -1.305  -1.044    10       0.001        6500     0.8230836523      4.015569854      1.254740503     -2.732890516       0.20310963    -0.8842580802      14.02307023      1.203273988
  -1.044  -0.783    10       0.001        6500       1.03758814     0.2612176753     0.5350746203   -0.06631468339      3.143686776      1.699791994      11.59287615      1.175610117
  -0.783  -0.522    10       0.001        6500      1.032658469     0.2150382224      0.251093495    -0.0617473106       2.39459772      1.703123688      11.70293998       1.16357765
  -0.522  -0.261    10       0.001        6500      1.030356812     0.2111386572     0.3502464651    -0.0555905828      2.468057455      1.709901116      11.81389641      1.150702082
  -0.261       0    10       0.001        6500      1.029639024     0.1736952693     0.1003443771   -0.04873492579      2.880670623      1.735357657      11.76623243       1.15532565
       0   0.261    10       0.001        6500      1.021592118     0.2508553408     0.3773545162   -0.05698393141      2.316143213      1.712970483      11.72544705      1.164769696
   0.261   0.522    10       0.001        6500     0.8319642556       4.10138143      1.620656889     -2.343314477     0.1677462413    -0.9777595115      11.82844726      1.154271128
   0.522   0.783    10       0.001        6500       1.02608234     0.2738957084     0.5764436728   -0.06734137856      2.239224295      1.687806721      11.76411696      1.156396419
   0.783   1.044    10       0.001        6500      1.033908802     0.2978314904      0.451338738   -0.07876377139      2.270540893      1.627082797      14.50394486       1.15118869
   1.044   1.305    10       0.001        6500      1.025671433     0.6268699023      1.483236632    -0.0917581647      2.181178322      1.580088256      14.13412157      1.187721091
   1.305   1.479    10       0.001        6500      1.075654948     0.2519196251     0.1669959596   -0.05384115917      4.327564556       1.68733892      13.75191412      1.233252835
   1.479   1.653    10       0.001        6500      1.003659799     0.6285380697      1.366638389   -0.05579184769      6.963179717      1.672441318      13.83805248      1.231371519
   1.653    1.93    10       0.001        6500     0.9850628851     0.7021823459      1.598953805   -0.04083957262      7.905702893      1.619757668      13.78437726      1.220843588
    1.93   2.172    10       0.001        6500     0.9737935425     0.6519265271       1.14535644   -0.04195633066      13.50556346      1.573211045      13.50209472      1.239863337
   2.172   2.322    10       0.001        6500     0.9615734297     0.6487518774     0.9119693907   -0.03250642885      17.68382931       1.54812487      13.40519346      1.257377867
   2.322     2.5    10       0.001        6500     0.9249719594     0.8748228473      1.241143697   -0.02947677701      24.64733309      1.525322002      10.71529033      1.304920994
     2.5    2.65    10       0.001        6500     0.8111302362      2.103232015      3.247571779    -0.0594031661      7.389200918      1.391999517      14.01323504      1.234091704
    2.65   2.853    10       0.001        6500     0.6352994932      4.144871482      5.270802604   -0.04994503646      7.746767821      1.456507352      11.26685055      1.271219388
   2.853   2.964    10       0.001        6500     0.0768250419      25.60864874      19.56429776   -0.02459819558      40.10949669      1.518751411      16.85112684      1.291493214
   2.964   3.139    10       0.001        6500      3.570655478       20.1210235      8.400177632     -6.277706215   0.004732730824     -7.623855472      21.66000719      1.252905271
   3.139   3.489    10       0.001        6500      1.342130801      10.01917846      13.61367217     -0.884723509    0.07556963911      2.290978789      23.23112662      1.160033324
   3.489   3.839    10       0.001        6500      5.684904826      50.45544429      6.918235632      -38.0726577   0.004925229415     -14.93553641      18.66489622      1.154996732
   3.839   5.191    10       0.001        6500     0.6664179006      8.872209138      11.15230406    -0.2074960042      1.464098061      2.007763908      13.03539417      1.317541599
[s]
{1 JetEta 1 JetPt max(0.0001,((x<[6])*([7]))+((x>=[6])*([0]+([1]/(pow(log10(x),2)+[2]))+([3]*exp(-[4]*(log10(x)-[5])*(log10(x)-[5])))))) Correction L5Flavor}
  -5.191  -3.839    10       0.001        6500      0.822599102      50.03563838      5.234414082     -14.15774841    0.04388468336     -2.766975247      11.06115152      1.249203322
  -3.839  -3.489    10       0.001        6500     0.9049453172     0.4710949879     0.1009270504     -1.883080145      2.271577269    0.04640035365      15.34815506      1.118889308
  -3.489  -3.139    10       0.001        6500      2.854574507      11.61365006      7.099510132     -3.981694324    0.00419454213      -6.77677392      18.78337548      1.152193948
  -3.139  -2.964    10       0.001        6500     0.5744436889      8.172954446      10.84242123   -0.04613059465      48.74543778      1.724942478      17.84544402      1.233087745
  -2.964  -2.853    10       0.001        6500     -2.396870726      51.77902255      2.339065924     -37.48237618     0.1393776049     -1.879681625      13.25640439       1.31764774
  -2.853   -2.65    10       0.001        6500     0.7330741986      2.430500921      3.069522186   -0.04226397063      13.28654477      1.465848876      13.72950952      1.279942587
   -2.65    -2.5    10       0.001        6500     0.7631045721      2.791659119      3.879267513   -0.04985549973      9.990834956      1.451738333      13.51487132      1.286516554
    -2.5  -2.322    10       0.001        6500     0.9147481003      1.010108244     0.5164846473      -1.11623807     0.3467794026     -1.296124098      10.21351247       1.39607367
  -2.322  -2.172    10       0.001        6500     0.9496029597     0.8638972073     0.5916146703   -0.08431367565      2.076609022      1.175915379      12.74689721      1.342516552
  -2.172   -1.93    10       0.001        6500     0.9500739823      1.030135675       1.68342937    -0.0467327059      12.29568945      1.573617462      13.06333666      1.298213971
   -1.93  -1.653    10       0.001        6500     0.9534748462      1.056849955      2.180366419   -0.04740857827      14.84862205      1.629242887      13.45457337      1.258238645
  -1.653  -1.479    10       0.001        6500      1.002141179       0.67974802      1.583888876   -0.04439833017      6.852926014      1.672083243      13.85268901      1.231142495
  -1.479  -1.305    10       0.001        6500     0.7554582908      4.895563531      1.281366493     -2.902633417     0.2415393818     -0.630195623      16.88927815      1.250083087
  -1.305  -1.044    10       0.001        6500      1.041958678     0.4966425385      1.013597281   -0.05873293057      4.564973477      1.620859146      13.71521747       1.23706199
  -1.044  -0.783    10       0.001        6500      1.020373642     0.5141082637      1.016098557   -0.07857190056      2.494847729      1.583931028      14.08024637      1.191539305
  -0.783  -0.522    10       0.001        6500     0.9252696639      2.279044804     0.6965444821     -5.589864905     0.1248705306      -2.70616045      14.28529737      1.178922386
  -0.522  -0.261    10       0.001        6500      0.883741349      3.216743819      1.323130117     -3.083062818     0.1373601403     -1.786448619      11.62634103      1.183493116
  -0.261       0    10       0.001        6500     0.9449022876      1.875696053     0.6584809445     -6.363323199     0.1089715072     -3.321040123       14.3951331      1.168027745
       0   0.261    10       0.001        6500     0.8985283759      3.059405125      1.197515202     -5.134140413     0.1028253671     -2.906520921      11.47743056      1.198365209
   0.261   0.522    10       0.001        6500     0.8471548095       3.74252904      1.378561079     -3.283033115     0.1455086736     -1.618261311      11.60449394      1.185120762
   0.522   0.783    10       0.001        6500      0.864295738      3.231983866      1.021317743     -3.679194707     0.1560282215     -1.667616382      14.35095727      1.174314294
   0.783   1.044    10       0.001        6500      1.038657808     0.3355967553     0.8464225281   -0.05546196054      3.703300303      1.699855882       11.4119299      1.197469697
   1.044   1.305    10       0.001        6500      1.025044701     0.7266898423       1.68731205   -0.07729953599      3.033143891       1.58223656      13.77312042      1.225914385
   1.305   1.479    10       0.001        6500      1.080146304     0.3859350578     0.8104185165   -0.05618502593      7.911234922      1.701931097      13.51683798      1.260608537
   1.479   1.653    10       0.001        6500     0.9837271314      0.947268256      2.383671918   -0.05386462443      10.06274765      1.702039034      17.27857843      1.219538422
   1.653    1.93    10       0.001        6500     0.9417108596      1.299995307      2.887892467   -0.04640001705      9.259168087      1.626354351      13.57077664      1.248554017
    1.93   2.172    10       0.001        6500     0.8407663452      2.381371834     0.6499978064     -6.305650531     0.1720701553     -2.348975637      13.07067105      1.298003968
   2.172   2.322    10       0.001        6500      0.938359766     0.9169148729      1.100541133   -0.04415717679      11.07186081      1.517033027      12.89434004      1.324212476
   2.322     2.5    10       0.001        6500     0.9464051348      0.714831172     0.1000026096      -4.21393671     0.2660396027     -2.463155636      12.82448883      1.343148691
     2.5    2.65    10       0.001        6500     0.8698120338       1.17069002     0.8579189642    -0.1281778694      4.447465904      1.155180256      13.51297395      1.289917241
    2.65   2.853    10       0.001        6500     0.6526862699      3.434848774       4.03521884   -0.05013646279      9.810022564      1.450672266      13.68754348      1.278534222
   2.853   2.964    10       0.001        6500     -3.792808805      69.00707509      2.156986904     -53.74922028      0.150151457     -1.786642215      13.32067795      1.319072644
   2.964   3.139    10       0.001        6500      2.896778609     -24.67729684      13.65704117    -0.4953168664      1.844707726      2.358957247      22.07946868      1.226862967
   3.139   3.489    10       0.001        6500      0.650430177      40.53301063      5.718198031     -15.26084649    0.02918811116      -4.89495039      15.05525262      1.153797742
   3.489   3.839    10       0.001        6500     0.8825424414     0.5685509226     0.1000013228    -0.1480079519      13.64678397      1.077897749      15.13180626       1.13515232
   3.839   5.191    10       0.001        6500      1.536493975      49.20814751      5.094625859     -19.54145606    0.02997820706      -4.31536602      11.18119454      1.232491854
[c]
{1 JetEta 1 JetPt max(0.0001,((x<[6])*([7]))+((x>=[6])*([0]+([1]/(pow(log10(x),2)+[2]))+([3]*exp(-[4]*(log10(x)-[5])*(log10(x)-[5])))))) Correction L5Flavor}
  -5.191  -3.839    10       0.001        6500   -0.03191171731      18.74319023      12.75742446    -0.0319894395      8.429758116      1.632726796      10.49341638      1.324956919
  -3.839  -3.489    10       0.001        6500     0.7122474283      2.742946313      3.646436125     -12.49901356     0.4274198637     -2.366270324      18.00451607      1.191538432
  -3.489  -3.139    10       0.001        6500     0.4420792972      9.124848656      7.190921616    -0.2292610822     0.2758304505      1.038712701      21.91330435      1.233691936
  -3.139  -2.964    10       0.001        6500     0.9613490472     0.9358185736     0.1000010534    -0.1901846738      7.460593175      1.164627217      20.63885936      1.312398679
  -2.964  -2.853    10       0.001        6500    -0.0576293102      27.04447383      17.45504708   -0.03745696854      55.91429866      1.566195676      15.81551915      1.373816909
  -2.853   -2.65    10       0.001        6500     0.6039428404      4.446778772      4.491705912   -0.07353661088      6.290212921      1.509305029       13.0641126      1.351198858
   -2.65    -2.5    10       0.001        6500     0.7873053187      2.443838187      2.836877308    -0.0700592616      9.178332862      1.497418984      12.83419453      1.370979138
    -2.5  -2.322    10       0.001        6500      0.867701056      1.568514447      1.492910265   -0.06378884845      7.335547337      1.516155021      12.05322884      1.441078977
  -2.322  -2.172    10       0.001        6500     0.9218131476      1.214868156      1.260832251   -0.06491898427      9.561748637       1.55007487      12.13918145      1.412318333
  -2.172   -1.93    10       0.001        6500     0.9332526967      1.329182029      1.842058957   -0.05666912661      7.597522344      1.589423173      12.50715825      1.360658259
   -1.93  -1.653    10       0.001        6500     0.9670811677      1.048243287      1.649119735   -0.04532232086      7.155919547      1.690392854      12.80601812      1.327644038
  -1.653  -1.479    10       0.001        6500     0.9574192876       1.41590602      2.526684601   -0.07771472469      4.175513914      1.696019815      16.55071155      1.280289925
  -1.479  -1.305    10       0.001        6500      1.045892957     0.7571001118      1.429921337   -0.06694218116      4.445501453      1.720396738      13.00697668      1.316244917
  -1.305  -1.044    10       0.001        6500      1.019845213     0.8911437997       1.74340014   -0.08227427324      2.702344396      1.678782334      13.20514325      1.281481772
  -1.044  -0.783    10       0.001        6500     0.9730669263      1.302297076      2.260539229    -0.1426140659      1.380922181      1.540619347      13.73045311      1.225438377
  -0.783  -0.522    10       0.001        6500       1.01627241     0.5424982769      1.139892307   -0.07744030546      2.296930293      1.696103447      11.14466334      1.229438698
  -0.522  -0.261    10       0.001        6500     0.9692348266      1.215704958      2.396339341    -0.1294460697      1.260239818      1.554503966      14.10865806      1.190972548
  -0.261       0    10       0.001        6500     0.5303331686       11.6295408       1.53014253     -99.99999995    0.05539001384     -6.657522152      11.24414297      1.223907353
       0   0.261    10       0.001        6500     0.5589603336      11.03421712       1.50364277     -99.99999852    0.05456494788     -6.769365931      11.13421942      1.237086331
   0.261   0.522    10       0.001        6500     0.7433266389      5.798631979      2.326329545     -1.669208108     0.2173572759    -0.1640418198      11.26294601      1.222158239
   0.522   0.783    10       0.001        6500     0.9505367264      1.507722251      2.473538744    -0.1689446018      1.094801341      1.489468875      14.01014277      1.200052064
   0.783   1.044    10       0.001        6500     0.9797269023      1.186890316      2.173912452    -0.1332850017      1.472767058      1.565502407      13.81726953      1.219186959
   1.044   1.305    10       0.001        6500     0.9172438896      2.479682028      4.073620574    -0.1566876593      1.589568268      1.573401497      13.37249107      1.267411981
   1.305   1.479    10       0.001        6500      1.078666233     0.4163859293     0.4552708046   -0.05348035115      5.624838567       1.75706813      12.98036991      1.319171216
   1.479   1.653    10       0.001        6500      1.030346579     0.5962581834      0.823931141   -0.04663998945      8.481713471      1.735781233      13.06685307      1.316629058
   1.653    1.93    10       0.001        6500     0.9225261871      1.661921832      2.860339352   -0.06129782391      4.627129884      1.634276223      12.96253862      1.310621493
    1.93   2.172    10       0.001        6500     0.9511811948      1.043531097      1.346546612   -0.05747888705      8.380210826      1.577533736       12.5597323      1.351285729
   2.172   2.322    10       0.001        6500     0.7277151741      3.942756282     0.9336490593     -4.680738495     0.1885206469     -1.602329394      12.32145558      1.391954041
   2.322     2.5    10       0.001        6500     0.9077695387      1.140753539      1.086021314     -0.052599169      16.03061243      1.509139133      12.28435579      1.406585117
     2.5    2.65    10       0.001        6500     0.8461165685      1.622037628      1.558567079   -0.08881991969       5.30292972      1.358373657      12.92886713      1.362331045
    2.65   2.853    10       0.001        6500     0.6144995563      3.941135277      3.674659812   -0.09454659185      5.647648011       1.43866204      12.99411479      1.364258607
   2.853   2.964    10       0.001        6500     0.1339511329      9.451801358      1.978037859     -3.005130076     0.3945576156    -0.1134381428      12.50940037      1.418976477
   2.964   3.139    10       0.001        6500      -5.28202722      116.4662953      2.829355981     -68.59888001     0.1155024373     -2.022924052      16.42124284      1.331382147
   3.139   3.489    10       0.001        6500      1.139202299      8.726042806      11.05572823    -0.6490027564    0.06722143281      2.430937662      17.40679411      1.241962769
   3.489   3.839    10       0.001        6500     0.9193720463      0.699186391     0.5163506141     -5.279787866      2.312528306     -0.179900275      14.16368061      1.211302653
   3.839   5.191    10       0.001        6500       1.28484375      3.927927677      31.42276858    -0.3480846993     0.8131340424      2.297129289      13.17443607       1.29229389
[b]
{1 JetEta 1 JetPt max(0.0001,((x<[6])*([7]))+((x>=[6])*([0]+([1]/(pow(log10(x),2)+[2]))+([3]*exp(-[4]*(log10(x)-[5])*(log10(x)-[5])))))) Correction L5Flavor}
  -5.191  -3.839    10       0.001        6500    -0.2680378515      27.72512929      16.03505115   -0.05105907408      16.60941561      1.625538009      16.12731496      1.314061329
  -3.839  -3.489    10       0.001        6500      1.292038851      9.035998914      11.81592548    -0.7941792782     0.1135110923      2.257041428      21.73360456      1.234820428
  -3.489  -3.139    10       0.001        6500      0.394206154      8.661545625      7.912408864   -0.04280731659      15.07810059       1.79829618      20.70661966      1.290997346
  -3.139  -2.964    10       0.001        6500     -5.459193884      123.6220333      2.976927588     -70.55962967     0.1092101279     -2.120027681      19.73695354      1.360487691
  -2.964  -2.853    10       0.001        6500      1.035609217     0.7654073872     0.3820812552     -99.47251442      77.52695339     -103.7414383      15.02669435      1.468755174
  -2.853   -2.65    10       0.001        6500     0.8091528883      1.726523503      1.633890402   -0.05602886831      68.87837184       1.52115433      15.89180403      1.370263863
   -2.65    -2.5    10       0.001        6500     0.8569837266      1.695573424      1.808261096   -0.07344865088      28.32336763      1.557119636      15.80480257      1.377510638
    -2.5  -2.322    10       0.001        6500     0.8163509005      2.259921949     0.2036647997      -7.88381718     0.2254175501     -2.026191841      14.76960819      1.465853195
  -2.322  -2.172    10       0.001        6500     0.7130668706      3.805960394      0.629888516     -5.203866278     0.2271115922     -1.375867122      15.14966117      1.414397709
  -2.172   -1.93    10       0.001        6500      0.944877243       1.24187383      1.412143928   -0.04619190818      8.420085968      1.600875952       15.4946336      1.372744583
   -1.93  -1.653    10       0.001        6500     0.9102266691      1.775555969      2.560005976   -0.05526811986      6.189690999      1.729456373       15.7614697      1.345159902
  -1.653  -1.479    10       0.001        6500     0.9497670954      1.551211972      2.733045537   -0.05133882038      7.143184331      1.824505307      13.06055843      1.338251639
  -1.479  -1.305    10       0.001        6500      1.034547524     0.9140527339      1.492808769   -0.06748663434      5.302756647      1.767971694       16.0163157      1.332513705
  -1.305  -1.044    10       0.001        6500     0.6638358318      7.074495998      2.257440448     -1.814953423     0.2607514325    0.03802052032      16.52908108      1.292427423
  -1.044  -0.783    10       0.001        6500     0.8186422015      4.536306748      1.105634319     -4.447522129     0.1501094329      -1.62171056      17.18197092      1.236396168
  -0.783  -0.522    10       0.001        6500     0.9705070859      1.190579991      1.551830387    -0.1655164503      1.099639071      1.456273606      17.65268326      1.196057447
  -0.522  -0.261    10       0.001        6500     0.7570715382       5.67869081      1.963691148     -2.248104416     0.1817376331    -0.6258998759      14.02458114      1.218998867
  -0.261       0    10       0.001        6500      0.998142146     0.7022041056      1.379855444   -0.08290829474       2.16153915       1.70429572      14.00989932      1.216469717
       0   0.261    10       0.001        6500      0.708933517      6.500278258      2.540939432      -1.60114329     0.2203874453   -0.04341039589      13.95352558      1.223701431
   0.261   0.522    10       0.001        6500     0.9679643491      1.244485628       2.52668232    -0.1153858006      1.395245051      1.652149525       14.0774581      1.210565707
   0.522   0.783    10       0.001        6500     0.9870347226      0.985753925      1.949488321      -0.10485204      1.495351702      1.663488934      13.88170802      1.220042992
   0.783   1.044    10       0.001        6500     0.8001644116      4.635321792      1.199784036     -3.201047876     0.1813030159     -1.024403333      17.24043403      1.231779798
   1.044   1.305    10       0.001        6500      1.042843266     0.6550759398      1.088632105   -0.06431430551      3.705310988      1.757207447      16.71268268      1.273965257
   1.305   1.479    10       0.001        6500     0.7021397951      6.986545137      1.754138443     -3.108403807     0.1953274761    -0.6846840075      16.02509941      1.333879166
   1.479   1.653    10       0.001        6500      1.006907868     0.9042987073      1.427468487   -0.04615754877      9.757891911       1.79090038      16.20229131      1.318048546
   1.653    1.93    10       0.001        6500     0.9892444348     0.8895438057      1.123019109   -0.04455857429      23.71705876      1.705529915      15.95940643       1.33522262
    1.93   2.172    10       0.001        6500     0.9600196532      1.033321615      1.193458597   -0.04853690715      17.78319683      1.655342602      12.32867248      1.393372351
   2.172   2.322    10       0.001        6500     0.9600622063     0.8240906705     0.3621989781   -0.05936853159      8.194196177      1.498090567      15.39809574      1.398124963
   2.322     2.5    10       0.001        6500     0.8432775551      1.809626297     0.1000612372     -10.06872762     0.2331507925      -2.25677361      15.37076537      1.408695301
     2.5    2.65    10       0.001        6500     0.8478128908      1.805134258      2.018065163   -0.07530022913      21.35428436      1.556755334      16.04007483      1.362558082
    2.65   2.853    10       0.001        6500     0.7040273846      2.753439749      2.421139305   -0.07682993665       7.55154472      1.530723748      16.04518652      1.380237343
   2.853   2.964    10       0.001        6500      1.000905982     0.9457519813     0.6567519917     -9.457334098      3.400894095     -9.176956061      14.90621673      1.465981924
   2.964   3.139    10       0.001        6500      1.275105705      6.122048064      26.52748294    -0.3121192499     0.8327939756       2.31947292        19.719031      1.361958887
   3.139   3.489    10       0.001        6500     0.3932733006      9.840813454      8.532603576   -0.09907718462      2.257936389        1.7723636      20.88488502      1.288661248
   3.489   3.839    10       0.001        6500     0.5215267063      2.820442423     0.1027179608      -1.91167728       1.16040659     0.4494938869      21.47127671      1.249958936
   3.839   5.191    10       0.001        6500      4.017617681      36.77552201      4.846603155     -12.32367946    0.03159789255     -2.200016198       16.1407253      1.311603793
[g]
{1 JetEta 1 JetPt max(0.0001,((x<[6])*([7]))+((x>=[6])*([0]+([1]/(pow(log10(x),2)+[2]))+([3]*exp(-[4]*(log10(x)-[5])*(log10(x)-[5])))))) Correction L5Flavor}
  -5.191  -3.839    10       0.001        6500      1.075628896      5.395827584       14.9829481    -0.2667111247      1.327602231      2.044806959      12.89287538      1.324708807
  -3.839  -3.489    10       0.001        6500      1.358435878      -2.11011062      19.23656256    -0.2107563364      1.448229768       2.30483918      22.20226497      1.202469772
  -3.489  -3.139    10       0.001        6500      1.098464847      8.679919969       18.0260975     -0.427198147     0.3495854104      2.489896494        21.199608      1.271051689
  -3.139  -2.964    10       0.001        6500      1.094051557      8.632601158      17.75493519    -0.3132347309     0.3512066194       2.53451576      19.97229703       1.35450295
  -2.964  -2.853    10       0.001        6500     0.9264399645      1.670816203      1.795411715     -97.93727138      11.66960038      -5.83141748      15.08201926      1.451164382
  -2.853   -2.65    10       0.001        6500     0.5934285281      4.494288852      4.090123537   -0.07095483887      7.860563959      1.550607198      15.79387862      1.379879801
   -2.65    -2.5    10       0.001        6500     0.7703980252      2.700060416      2.816486682   -0.06804523333      9.865635884      1.573183699      12.30619328      1.437786865
    -2.5  -2.322    10       0.001        6500     0.9181121437      1.196903826     0.5514517831   -0.08549388238      2.918370389      1.358643651      14.68070297      1.467079844
  -2.322  -2.172    10       0.001        6500     0.9493312927      1.065340406     0.7924442114   -0.06006421611      10.26176061      1.577900295      14.85660903      1.430146427
  -2.172   -1.93    10       0.001        6500     0.9527368126      1.235953024      1.426448145   -0.06098841957      7.115433515      1.601912832      15.33272557      1.371367939
   -1.93  -1.653    10       0.001        6500     0.9726641701      1.104813107       1.49712598   -0.05076321002      6.253003032      1.675686055       15.7145135       1.33789399
  -1.653  -1.479    10       0.001        6500     0.9687792376      1.374075413      2.209865761   -0.07560942054      3.871542626      1.691198821      16.11893225      1.312895342
  -1.479  -1.305    10       0.001        6500      0.598835515      8.427497699      3.124883148     -1.260638721      0.370206693     0.6321582824      15.94127192      1.324944839
  -1.305  -1.044    10       0.001        6500      1.008112221      1.260228976      2.339589308    -0.1030084291      2.135421859      1.673431652      12.94402665      1.307940835
  -1.044  -0.783    10       0.001        6500     0.9964276884      1.107636555      2.056799561    -0.1196616289      1.731536746      1.643334421      13.39306938      1.253984155
  -0.783  -0.522    10       0.001        6500      0.990111503      1.027416619      1.782375679    -0.1265677556      1.414771485      1.594869268      13.59615246      1.231455806
  -0.522  -0.261    10       0.001        6500      0.715494082      6.387554259      2.241712825     -1.936271503     0.2140307913    -0.2260869993      13.73744939      1.221390945
  -0.261       0    10       0.001        6500     0.7284283365      6.012173463       1.98890345     -2.224390055     0.1989815855    -0.4631270935      13.73133576       1.22373633
       0   0.261    10       0.001        6500     0.7346294029      5.882926451      1.835803733     -2.508843273     0.1865805806    -0.6504294241      13.61966822       1.23402615
   0.261   0.522    10       0.001        6500     0.9626702863       1.37389556      2.449698824    -0.1431125465      1.245791425      1.557519732      13.77198913      1.214278843
   0.522   0.783    10       0.001        6500     0.9650146107      1.384133084      2.375445524    -0.1479927282       1.27351248      1.570031279      13.64679492      1.226505938
   0.783   1.044    10       0.001        6500      1.026200399     0.6785151782      1.240472093    -0.0944514761      2.089479254      1.678056357      13.47114897      1.245521827
   1.044   1.305    10       0.001        6500      1.008243813      1.260285256      2.459391977    -0.1064783984      2.095625093      1.670055977      13.06388226      1.292431865
   1.305   1.479    10       0.001        6500      1.061263901     0.7801171137      0.960620845   -0.09813642555      2.142776149      1.619063803      15.98776008      1.317182825
   1.479   1.653    10       0.001        6500      0.949569622      1.710674762        2.6378724   -0.09290497292      2.908954592      1.655576367      16.03992078       1.31629063
   1.653    1.93    10       0.001        6500     0.9543903483      1.411978899      2.230173672   -0.06007020863      5.304910128      1.653681268      15.95010874      1.317985188
    1.93   2.172    10       0.001        6500     0.9676104851      1.008301903      1.144081191   -0.04935311965      8.773244211      1.634540912      12.16655544      1.398416431
   2.172   2.322    10       0.001        6500     0.9566052034     0.9329964842     0.6687897532    -0.0549908844      9.582885025      1.575973062      15.14606065      1.396832612
   2.322     2.5    10       0.001        6500     0.9052072632      1.244177213     0.9966290382   -0.05085970227      13.78101354      1.577583868      11.77679267      1.484106228
     2.5    2.65    10       0.001        6500     0.7812596411      2.499238362      2.603534231   -0.07195117049       8.68183672      1.547968291      12.38688833      1.427358496
    2.65   2.853    10       0.001        6500     0.6270768971      3.939874894      3.595123194   -0.07161193118      8.073030571      1.537978429      12.40611912      1.434852066
   2.853   2.964    10       0.001        6500     0.9987440291      1.090303044      1.018993539     -75.40743838      67.50969902     -5.275747454      15.10353686      1.451298396
   2.964   3.139    10       0.001        6500     0.4413118422       12.5259987      12.05249552   -0.01553979022      25.68851438      1.797169561      19.96768233      1.352707144
   3.139   3.489    10       0.001        6500      1.206961751      7.447205591      25.13695797    -0.4092098193     0.4559894603       2.51008341      21.21862068       1.26775213
   3.489   3.839    10       0.001        6500     0.7593483718      9.137478128      8.786938765    -0.4017338631    0.09614918356       1.26569856      21.89978079      1.221182646
   3.839   5.191    10       0.001        6500     0.4953072989      9.260547844      7.064762834    -0.2853941693     0.3965501279      1.354879246      16.35520911      1.296823711
