[ud]
{1 JetEta 1 JetPt max(0.0001,((x<[6])*([7]))+((x>=[6])*([0]+([1]/(pow(log10(x),2)+[2]))+([3]*exp(-[4]*(log10(x)-[5])*(log10(x)-[5])))))) Correction L5Flavor}
  -5.191  -3.839    10       0.001        6500    -0.2097709957      25.71061993      15.40566542    -0.0826267734      3.982821223      1.780960795      12.97132596       1.32095553
  -3.839  -3.489    10       0.001        6500      2.049683517         13.47705      6.781880472     -6.253913599   0.005445271124     -11.64510502      15.15474909       1.14461179
  -3.489  -3.139    10       0.001        6500      2.779200681      29.00001992      7.128663714     -11.19155247   0.008202305103     -8.723609167      14.84016179      1.177489074
  -3.139  -2.964    10       0.001        6500      2.875257818      30.69681965      8.433710814     -17.90847974   0.003756513895     -17.62626658      17.49564229      1.250503152
  -2.964  -2.853    10       0.001        6500     0.7702538185      2.356274431      1.526070983    -0.4236570917      1.475160768     0.6423812412      13.29525601      1.314148989
  -2.853   -2.65    10       0.001        6500     0.7446251165      2.335094964      2.948074115   -0.06000239951      6.525116218      1.361691409      13.98085036      1.248493692
   -2.65    -2.5    10       0.001        6500     0.8331654665      1.901735378      2.884508239   -0.06050055968      7.660727197      1.408974296      13.89152641      1.251845985
    -2.5  -2.322    10       0.001        6500     0.9315959469      0.871630375       0.92626873   -0.04468913221      11.65970945      1.428370552      13.08720956      1.318186816
  -2.322  -2.172    10       0.001        6500     0.9428055459     0.8553953099      1.139078882    -0.0476485647      11.88102894      1.493739097      13.19804728      1.290915901
  -2.172   -1.93    10       0.001        6500     0.9483280587     0.9798431223      1.849479531   -0.05014810713      10.94478824      1.553904456      13.47548843      1.254855869
   -1.93  -1.653    10       0.001        6500     0.9582785026     0.9266720817      1.983503515   -0.04752838528      9.560369409      1.622750627      13.61667568      1.236850924
  -1.653  -1.479    10       0.001        6500      1.012597153     0.5108911919      1.075473213    -0.0450148323      7.011229478      1.652621567      14.00526364         1.218948
  -1.479  -1.305    10       0.001        6500      1.056424675     0.4462897724       1.19700622   -0.05671303029       5.32172953      1.695134761      11.13065038      1.245078508
  -1.305  -1.044    10       0.001        6500      1.023560784      0.647368043      1.896354247   -0.07153941992      2.959115884      1.624498691      11.32360106      1.211525044
  -1.044  -0.783    10       0.001        6500      1.022848887     0.4209248762     0.4963024111    -0.1059713848      1.521536971      1.440397766      14.45926147      1.157299167
  -0.783  -0.522    10       0.001        6500      1.016404581     0.3901573866     0.7618816734   -0.08562350466      1.647898241      1.551589049      11.77422921      1.162293481
  -0.522  -0.261    10       0.001        6500     0.9554564146      2.107721425     0.9346854481     -4.922835965    0.09714074971     -3.229009901      11.91588786      1.149225534
  -0.261       0    10       0.001        6500     0.8965919131      2.880526742      1.131177051     -3.997635447     0.1218002921     -2.296928416      11.80503309      1.156441971
       0   0.261    10       0.001        6500      1.002396058      0.467437628     0.9762246627   -0.08456752053      1.578789383      1.555360753      11.66731954      1.165412534
   0.261   0.522    10       0.001        6500       0.93000653      2.432345678      1.064917378     -3.624048807     0.1169335976     -2.401793271      11.84436483       1.14421006
   0.522   0.783    10       0.001        6500      1.018672432     0.3452941195     0.7280414936   -0.07873001727      1.891944805      1.594600567      11.76518371      1.156074969
   0.783   1.044    10       0.001        6500      1.035702596     0.2606086968     0.5821908287   -0.06437643806      3.098797161      1.668904736      11.64322655      1.166457037
   1.044   1.305    10       0.001        6500      1.055028937     0.2755717575     0.4651739379   -0.05716125812      3.919859764      1.632628535      14.09089262       1.18654409
   1.305   1.479    10       0.001        6500       1.06702286     0.3451025673     0.7811630197   -0.05539237908      5.685228984      1.694141984        11.158396      1.245577141
   1.479   1.653    10       0.001        6500     0.9822648587     0.8753337171      2.060661782   -0.06233587439      6.323470018      1.647976229      13.82198611      1.230422388
   1.653    1.93    10       0.001        6500     0.9644033975     0.9249543994      2.078566307   -0.04994951819      6.375211892      1.567927491       13.7821781      1.222848552
    1.93   2.172    10       0.001        6500     0.9720733315     0.6805724068      1.226999333   -0.03890873216       10.6451801      1.535777934       13.5361027      1.236682277
   2.172   2.322    10       0.001        6500     0.9548265687      0.730268412      1.136222628   -0.03685737894      19.05251232      1.508216804      10.75335944      1.286234812
   2.322     2.5    10       0.001        6500     0.8408906524      1.924761462      0.698278509     -7.140430349     0.1571821466     -2.912050722      10.63829607        1.3158556
     2.5    2.65    10       0.001        6500      0.826203882      2.015890803      3.355678663   -0.05180556942      11.05042569      1.457406321      11.13998099      1.270999466
    2.65   2.853    10       0.001        6500     0.7631112157      2.097879663      2.605459519   -0.06492114951      8.697323283      1.392937061      13.84691412      1.262470055
   2.853   2.964    10       0.001        6500     -1.206480204      118.0887494      45.74009092   -0.03365639498      38.87320737      1.433112363      13.38300782      1.304681957
   2.964   3.139    10       0.001        6500     0.9367149727     0.8386954126      0.100000009    -0.5495111568      3.432037628     0.7111428976       17.5111955      1.238403587
   3.139   3.489    10       0.001        6500      3.365742829     -21.81647085      11.38680553     -1.295575074     0.2504628516      3.168440075      18.66201271      1.162022021
   3.489   3.839    10       0.001        6500      0.951812295      24.24003555      5.082953261     -13.78575338    0.02423545209     -6.309765143      14.91475667      1.155799514
   3.839   5.191    10       0.001        6500    -0.6595938414      44.73159223      21.41438446   -0.06579783754      6.748063191      1.794278947      13.06057434      1.311510864
[s]
{1 JetEta 1 JetPt max(0.0001,((x<[6])*([7]))+((x>=[6])*([0]+([1]/(pow(log10(x),2)+[2]))+([3]*exp(-[4]*(log10(x)-[5])*(log10(x)-[5])))))) Correction L5Flavor}
  -5.191  -3.839    10       0.001        6500     0.6552184128      2.121783071     0.9507440519     -1.135632366      0.596092543    -0.2078832493      13.99327033      1.211591279
  -3.839  -3.489    10       0.001        6500      6.546298575      51.62047515      6.477895147     -45.72709507   0.004950826273     -15.26314058      15.46409921      1.114683563
  -3.489  -3.139    10       0.001        6500      1.501976609      10.27649639      14.39742355     -1.046978738    0.08920930284      1.987342865      19.02426737      1.141706082
  -3.139  -2.964    10       0.001        6500      2.432892545      25.77672454      6.895153167      -11.8432843   0.008481722074      -9.73307592      14.27450963      1.232323195
  -2.964  -2.853    10       0.001        6500     0.7473111445      4.018732807      5.406581321     -82.85541635      98.98883907      0.852073393      13.38771724       1.30186635
  -2.853   -2.65    10       0.001        6500     0.5430251809      5.468324651       6.02563797   -0.04915416178      7.552382621      1.505742169      13.65713095      1.273165146
   -2.65    -2.5    10       0.001        6500     0.7264690352      3.118197251      3.863237398   -0.07045032635      7.173918449      1.479324145      10.57246363      1.345319775
    -2.5  -2.322    10       0.001        6500     0.9117945907     0.9100978186     0.3085003607    -0.1560866416      4.307546157      1.098816799      12.70812576      1.351536735
  -2.322  -2.172    10       0.001        6500     0.9490716569     0.7624420961     0.2597197482   -0.08406519605      8.603474123      1.386386624      16.27140707      1.325885238
  -2.172   -1.93    10       0.001        6500     0.9172181254      1.393387213      2.461760686   -0.03797972218       11.3278225      1.599507499      13.12593507      1.289842831
   -1.93  -1.653    10       0.001        6500     0.9451064141      1.174345848      2.433616382   -0.04218378813      13.76660513      1.669784264      13.50150414      1.260755551
  -1.653  -1.479    10       0.001        6500     0.9528554025      1.354768666      3.574886184   -0.05002200733       6.43401166      1.689865756      11.29257268      1.238460944
  -1.479  -1.305    10       0.001        6500     0.7694078201      4.395464839      1.231021397     -2.607932094     0.2652127814    -0.5439792602      17.02500779       1.23895738
  -1.305  -1.044    10       0.001        6500     0.9672787547      1.439415284      3.116204451   -0.09335082649      2.381282415      1.550471917      13.71695372      1.231545748
  -1.044  -0.783    10       0.001        6500     0.9482385196      1.327981342     0.9080353804    -0.3569244206     0.7082682588     0.8587429419      14.07226325      1.208271055
  -0.783  -0.522    10       0.001        6500     0.8005452328      4.355687389      2.063980732     -1.422400401     0.2344632938    -0.1957780883      11.53630119      1.183566892
  -0.522  -0.261    10       0.001        6500     0.8703628139       2.86782913     0.9313878495     -3.904918767     0.1588251648     -1.803301866      14.42539456      1.162083017
  -0.261       0    10       0.001        6500      1.019026237     0.3378440671     0.7318369811   -0.05078125001      3.857800599      1.685822347      11.58932396      1.188838742
       0   0.261    10       0.001        6500     0.8580243435      2.910623299     0.7982095496     -4.795246417      0.155293788     -1.982425453      14.25965793      1.183726707
   0.261   0.522    10       0.001        6500      1.002797766     0.5458656613      1.647325829    -0.0641445958      3.233492213      1.660754055      11.62931042      1.178557615
   0.522   0.783    10       0.001        6500     0.7896765073      4.278814673      1.277699068     -3.299649722     0.1793865508     -1.173561116      14.31919731      1.180106559
   0.783   1.044    10       0.001        6500      1.038831984     0.3255096275     0.9021964362   -0.04623755994      4.763594447      1.732914034      11.42040469       1.19463544
   1.044   1.305    10       0.001        6500     0.7963875847       3.85327941      1.174948921     -2.427324161     0.2581755252    -0.5894724504      13.81964282      1.231948881
   1.305   1.479    10       0.001        6500      1.070158683     0.4242070437      0.692666523   -0.04900578802       6.03795542      1.682304184      16.87681666      1.249036541
   1.479   1.653    10       0.001        6500      1.013180576     0.5613098179     0.7174816094   -0.05718693944      5.729143927      1.544160759      17.41171056      1.228100848
   1.653    1.93    10       0.001        6500     0.9353143946       1.36872533      2.955904382   -0.04401019284      8.049995178       1.61972245      17.29570475      1.226648487
    1.93   2.172    10       0.001        6500     0.9251490536      1.257537732      2.292593664   -0.04658672287      18.05509586      1.567976428      10.53464096      1.301627179
   2.172   2.322    10       0.001        6500     0.7760107337      2.874024162     0.9972115399      -3.11042164     0.2170370911     -1.430848665        10.404014      1.343353254
   2.322     2.5    10       0.001        6500     0.8975787125      1.085822094      1.125772325   -0.03933466097      12.94303825      1.498208671      12.63330704      1.356650204
     2.5    2.65    10       0.001        6500     0.8250818823      1.872197072       2.65144171   -0.06799821299      12.25671513      1.399068278      10.97074527      1.312504993
    2.65   2.853    10       0.001        6500     0.6460302126       3.14823333      3.088675288   -0.09251916533      6.132043579      1.379617852      13.41973026      1.305320227
   2.853   2.964    10       0.001        6500     0.2782136316      5.588943111     0.3057403316     -12.50065821     0.4401140036    -0.7988259788      16.68964951      1.312716439
   2.964   3.139    10       0.001        6500     -3.222511499      82.51143065       2.99034868     -50.35245497     0.1031952188      -2.30250544      22.45700687      1.212038965
   3.139   3.489    10       0.001        6500      1.086664654      9.365241206      10.84434113    -0.7067733049    0.05897527473      1.725392213      15.09721163      1.157731695
   3.489   3.839    10       0.001        6500      2.932171342      16.76506641      6.911055417     -9.818759425   0.003997579188     -14.18586771      15.18615618      1.130393026
   3.839   5.191    10       0.001        6500     0.5828784513      4.634447672      6.110597912   -0.03652973293      69.98171886      1.586059475      11.20219801       1.22551324
[c]
{1 JetEta 1 JetPt max(0.0001,((x<[6])*([7]))+((x>=[6])*([0]+([1]/(pow(log10(x),2)+[2]))+([3]*exp(-[4]*(log10(x)-[5])*(log10(x)-[5])))))) Correction L5Flavor}
  -5.191  -3.839    10       0.001        6500     0.5141674425      9.211607636      7.673510792      -0.26375817     0.1330695967       1.01108416      13.27650725      1.281826775
  -3.839  -3.489    10       0.001        6500     0.9329901688      9.462214642      10.11764659    -0.5459721596    0.06192769922      1.291816844      17.96856037      1.196392771
  -3.489  -3.139    10       0.001        6500     0.7621182141      2.147645578      2.801116337   -0.01903246015      99.99999921      1.923192389      17.27193344      1.257866515
  -3.139  -2.964    10       0.001        6500     0.5030032164       9.29060323      7.046744807    -0.2383688991     0.4841684204      1.135086185      20.57803786      1.327423443
  -2.964  -2.853    10       0.001        6500     0.4087542254       10.8648558      9.612005153    -0.0429341249       32.7352638      1.589082197      12.52109719      1.413178878
  -2.853   -2.65    10       0.001        6500     0.6352830505       3.75852051      3.707475795   -0.07611404495      5.532938156      1.485240343      16.50438021      1.308256672
   -2.65    -2.5    10       0.001        6500     0.7700500346      2.153665879      1.129685463    -0.2837036132      2.027096223       1.12068236      12.53250981      1.408834678
    -2.5  -2.322    10       0.001        6500     0.6265672026      4.269398343     0.8367238822     -4.419950752     0.2580926778     -1.091145025      12.06431891      1.447363997
  -2.322  -2.172    10       0.001        6500     0.7703237803       2.83095035     0.4744960544      -6.07879988     0.2372177561     -1.624619756      12.04254594      1.422883998
  -2.172   -1.93    10       0.001        6500     0.9367496471      1.253674793      1.807294659   -0.05246025875      10.13756539      1.612876166      12.56981113      1.348829377
   -1.93  -1.653    10       0.001        6500     0.9481185464      1.182238291      1.865221562   -0.04685372975       6.40851468      1.660606774      16.31209551       1.28963095
  -1.653  -1.479    10       0.001        6500     0.9835305262     0.9760459766      1.800466947   -0.05010044475      6.251378158      1.721432538      13.11618641      1.298413803
  -1.479  -1.305    10       0.001        6500      1.055389614     0.5387613254     0.8463724758   -0.04613341078      5.731341112      1.742987287      13.04638781      1.308255135
  -1.305  -1.044    10       0.001        6500      1.036724595     0.5576201765      1.067450714   -0.04762556087      4.081493053      1.725603029      13.35790923      1.264596047
  -1.044  -0.783    10       0.001        6500     0.7136046962      6.335914882      1.851584153     -3.036359818     0.1738755287    -0.8724483176      13.86257688      1.221994716
  -0.783  -0.522    10       0.001        6500     0.7074409923       6.17108396      1.793559199     -3.098105981     0.1729649368    -0.9107408794      14.03060412      1.202763808
  -0.522  -0.261    10       0.001        6500     0.8210379766      3.898907302      1.133432199     -5.283538495     0.1323992644     -2.180854951      14.20383377      1.191453595
  -0.261       0    10       0.001        6500      0.770076335      4.673976055       1.36011855     -3.978071613     0.1535903117     -1.532061415      14.18142425      1.193908948
       0   0.261    10       0.001        6500     0.7894648402      4.678956089      1.366045827     -4.576927925     0.1318315137     -1.915764664      13.99181983      1.205802891
   0.261   0.522    10       0.001        6500     0.6612603064      7.362312452      3.661406507     -1.114476428     0.2637310932     0.4005244872      11.25363154      1.209115327
   0.522   0.783    10       0.001        6500     0.5696372223      10.30853156      1.732621806     -17.66506918    0.08547490361     -3.513254797      11.26800774      1.225571299
   0.783   1.044    10       0.001        6500      1.015779656     0.5494334057      1.304428937   -0.06410866943       2.71367032      1.719557082      11.12600585        1.2260409
   1.044   1.305    10       0.001        6500     0.7817176102      4.590956106      1.271659771     -3.254075429     0.1965391744       -1.0164864      13.59122753      1.265822001
   1.305   1.479    10       0.001        6500     0.6900660141      6.854181834       2.07025486     -2.372804489      0.217094521    -0.3922731325       13.0465703      1.309438374
   1.479   1.653    10       0.001        6500      0.956240559      1.351769998      2.443201461    -0.0663796674      4.200296095      1.657865995      13.19113243      1.302040555
   1.653    1.93    10       0.001        6500     0.9562888053      1.160536012      1.969458899   -0.04634442745      6.668703674      1.643175908      13.00158527       1.31061515
    1.93   2.172    10       0.001        6500     0.9736563811     0.7856803672     0.9306490224   -0.04259910045      11.55245157        1.5675311       12.5868937      1.337309402
   2.172   2.322    10       0.001        6500     0.9282024168      1.082944693      1.211995563   -0.04858632212       8.25600595      1.548273121      12.52874686       1.36707749
   2.322     2.5    10       0.001        6500     0.9155929116      1.034676396     0.8590967812   -0.04576688592      9.175636738      1.472942664      12.18590704      1.411665441
     2.5    2.65    10       0.001        6500     0.8880008244      1.202428554     0.8769748681   -0.09588219483      4.132982756      1.264691768      12.58815331      1.378472624
    2.65   2.853    10       0.001        6500     0.6038812428      4.265162264      4.101606763   -0.09251701161      6.573737963       1.50928241      12.75233355      1.373318221
   2.853   2.964    10       0.001        6500    -0.9829826311       78.3210371       31.7672235   -0.04379561325      24.19026694      1.658591529      15.74278676      1.375815159
   2.964   3.139    10       0.001        6500     0.5040641319      9.277083025      9.547180129     -99.58460268      99.99108767      0.860323631      13.50255688      1.293412726
   3.139   3.489    10       0.001        6500     0.9374711441      7.352411584      16.78504891    -0.2525827921     0.6582108577      2.452240241       17.5289606      1.241952336
   3.489   3.839    10       0.001        6500     0.6795436092      4.444743049      6.896573871   -0.02051368565      50.15260459      1.877235946      17.70182612      1.205292177
   3.839   5.191    10       0.001        6500       1.79125782      26.40741624      5.266609104     -18.17218476    0.01298016868     -9.195752755      10.64259921      1.288261731
[b]
{1 JetEta 1 JetPt max(0.0001,((x<[6])*([7]))+((x>=[6])*([0]+([1]/(pow(log10(x),2)+[2]))+([3]*exp(-[4]*(log10(x)-[5])*(log10(x)-[5])))))) Correction L5Flavor}
  -5.191  -3.839    10       0.001        6500     0.8886829494      9.574590745      20.38149459    -0.1821318958      3.049361188      1.933203202      13.12931872      1.307262289
  -3.839  -3.489    10       0.001        6500      9.507553137      90.39204601      6.405493704     -67.66881895   0.006344549463      -12.7191499      14.01661623      1.234152695
  -3.489  -3.139    10       0.001        6500     0.5108588303      9.151704069      8.332473005    -0.1580667314  4.649637342e-07      7.963387879      21.18206694      1.259742901
  -3.139  -2.964    10       0.001        6500     0.4270212332      10.98521131      10.16058566     -63.88838763       98.4083946     0.9360373316      16.38217521       1.33992603
  -2.964  -2.853    10       0.001        6500     0.6369838476      3.230960284      0.100038432     -5.170281122     0.5843231838    -0.3523166205      19.60439227      1.397808495
  -2.853   -2.65    10       0.001        6500     0.6795056726      2.703086357       1.84737259    -0.1385668485      4.571708807      1.350117277        15.982799      1.373956325
   -2.65    -2.5    10       0.001        6500     0.7476091154      2.818801528      2.873167178   -0.09074597079      12.28775896      1.475532918      15.86912535      1.365106604
    -2.5  -2.322    10       0.001        6500     0.8727164518      1.464497627      1.191577731   -0.06187140254      27.19500987      1.527486067      15.23032222      1.435636052
  -2.322  -2.172    10       0.001        6500     0.8818892628      1.481494315      1.179463573   -0.08181392808      6.005072419      1.475420635      15.09980498      1.410207413
  -2.172   -1.93    10       0.001        6500     0.8775171285      1.907971103      2.560121218   -0.05145904652      9.933352594      1.626458392      15.66494252      1.347854899
   -1.93  -1.653    10       0.001        6500     0.8320152851      2.565524616     0.6587673171     -6.619712001     0.1619009767     -2.525129516      20.11367192      1.303251064
  -1.653  -1.479    10       0.001        6500     0.4616949761       8.24909734      2.152973834     -2.184827093     0.2979153697   0.001942729399      16.02569353      1.330463285
  -1.479  -1.305    10       0.001        6500     0.8440143052      4.679914462       1.65415328     -4.728615132     0.1038387039     -2.613903839      16.29939474      1.308177721
  -1.305  -1.044    10       0.001        6500      1.010922376     0.7111805287      1.329411541   -0.03147244205      13.61693572      1.767929302      13.28633448      1.285245761
  -1.044  -0.783    10       0.001        6500     0.9889294393     0.7053388507      1.579031088   -0.04241969399      5.457463884      1.788296328      11.19856335      1.249986556
  -0.783  -0.522    10       0.001        6500     0.9874747469     0.5787701597      1.295451685   -0.03844063153      4.576548511      1.820851186       11.4298645      1.224459989
  -0.522  -0.261    10       0.001        6500     0.9417685768      2.277687882      1.150248822     -9.707772426    0.05892664251     -5.614174936      14.28854014      1.206278028
  -0.261       0    10       0.001        6500     0.5385944838      10.86472899      2.716989242     -4.837152818     0.1153002354     -1.591339503      14.11419985      1.194618788
       0   0.261    10       0.001        6500     0.9796309681       0.56035207       1.17908404   -0.03219973193      5.066524818      1.797577721      11.43859989      1.221322344
   0.261   0.522    10       0.001        6500     0.8196720329      4.071316811      1.441200827     -5.154377789     0.1050461923     -2.701469626      14.13491389      1.207676646
   0.522   0.783    10       0.001        6500     0.9868984698     0.5653775196      1.342227527   -0.03688978956      5.199382301       1.81881434      11.45768373      1.214526751
   0.783   1.044    10       0.001        6500     0.9136055114       1.90885266       0.38531194      -8.13297092     0.1316769278     -3.094244362      17.35398022      1.221166741
   1.044   1.305    10       0.001        6500      1.011228333     0.7207313416        1.3097862   -0.03669082655      7.810468024      1.824400997      13.37004017      1.289988422
   1.305   1.479    10       0.001        6500     0.7759629355      4.903736137      1.415316276     -3.743269268     0.1623652384     -1.466530641      16.37379719      1.307513037
   1.479   1.653    10       0.001        6500     0.6820563567       5.26927498      1.425625176     -3.055967995     0.2133858096    -0.8967816208      16.33600045      1.318783195
   1.653    1.93    10       0.001        6500     0.5482094438      6.579078887      1.858542123     -2.277278949     0.2776101063    -0.2974369062      16.27150121       1.31582212
    1.93   2.172    10       0.001        6500     0.9343371227      1.089482626      1.022585726   -0.05034196547      12.63255481      1.575905845      15.46285826      1.373777957
   2.172   2.322    10       0.001        6500     0.9217347438      1.106581092      1.067671713   -0.05565394537      33.68632361      1.523919839      12.62955983      1.406786451
   2.322     2.5    10       0.001        6500     0.8913333981      1.236573994      1.062754282   -0.03753677155      71.03885594       1.55106786      15.27847112      1.393024318
     2.5    2.65    10       0.001        6500     0.7447850158      2.907359646      3.136444498   -0.06083226739      8.267791616      1.551201921      15.81602318      1.358547722
    2.65   2.853    10       0.001        6500     0.5780117153      4.537620028      4.171800786   -0.07617133853      14.71811439      1.589605176      12.72083146      1.417210611
   2.853   2.964    10       0.001        6500      -1.32411869      81.19669573      27.37645478   -0.09162466686      2.537348003      1.534716806      12.23316589      1.463818879
   2.964   3.139    10       0.001        6500     -7.095747086      156.5249955      2.967463162      -89.9259856     0.1093897989     -2.110993835      24.38505234      1.323049587
   3.139   3.489    10       0.001        6500      51.01671284     -3956.853384      80.04374969     -5.487435917     0.2956685061      3.486048065      16.75557468      1.282576489
   3.489   3.839    10       0.001        6500     0.4653300101      6.674203064      6.881059686    -0.1106821785      61.94678189       1.01780471      11.55747422      1.200885375
   3.839   5.191    10       0.001        6500      1.591298608      10.64792769      18.62525516    -0.9346738174     0.2306562973      1.902959293      16.65699238      1.280825621
[g]
{1 JetEta 1 JetPt max(0.0001,((x<[6])*([7]))+((x>=[6])*([0]+([1]/(pow(log10(x),2)+[2]))+([3]*exp(-[4]*(log10(x)-[5])*(log10(x)-[5])))))) Correction L5Flavor}
  -5.191  -3.839    10       0.001        6500      1.198681502      8.121572232      19.78903829    -0.4911943343     0.3308863329      2.369535348      13.18526296      1.291587355
  -3.839  -3.489    10       0.001        6500      0.962573662      9.488293061       10.3713309    -0.5649909968    0.08704736298      1.476969664       18.0189421      1.194104723
  -3.489  -3.139    10       0.001        6500     0.1621229472      16.47126718      13.55250681   -0.02675311196      4.641893851      1.849259309      17.40058217      1.248758136
  -3.139  -2.964    10       0.001        6500     0.4648788171      9.150474236        7.1013915    -0.2145170761     0.5176355614     0.8159870001      20.61734358      1.312688277
  -2.964  -2.853    10       0.001        6500     -1.919658065      43.96481994      3.213131679     -11.44280745     0.2157216459    -0.4974216907      15.66571519      1.384576775
  -2.853   -2.65    10       0.001        6500      0.639913342      3.902479882       4.08317819   -0.06828937818      7.231377207      1.516408325       13.0356494      1.351226117
   -2.65    -2.5    10       0.001        6500     0.8012493668      2.216478534      2.478343589   -0.08111434237      6.509902302      1.469815765      12.82655339      1.364676532
    -2.5  -2.322    10       0.001        6500     0.8922713748      1.311977731      1.241617924   -0.05602198058      9.938571935      1.520122429      12.13994006      1.426575306
  -2.322  -2.172    10       0.001        6500     0.9553732713     0.8928518927     0.8444179268    -0.0543628319      11.24877675      1.540185353       12.3028348      1.389092356
  -2.172   -1.93    10       0.001        6500     0.9553187401      1.067634701      1.499277084   -0.05778743952      6.572985786      1.557808804      12.64366936        1.3340485
   -1.93  -1.653    10       0.001        6500     0.9476519783      1.219403805      2.018719664   -0.05666172909      5.036840758      1.633186261      12.92219844      1.308042188
  -1.653  -1.479    10       0.001        6500     0.9390232669      1.638121747      3.086427642   -0.07989682809       3.61658172      1.686153217      16.69728834      1.259855139
  -1.479  -1.305    10       0.001        6500      1.008682463      1.203067673      2.225724791    -0.1049991317      2.227382991      1.629195739      13.10213005      1.296391105
  -1.305  -1.044    10       0.001        6500     0.6902736718      6.668054907      2.360064801     -1.702368395     0.2649388667    0.07327726574       13.3886487      1.258699658
  -1.044  -0.783    10       0.001        6500     0.9416972741      1.723785956      2.418441298    -0.2133242401     0.9761663236      1.383468264      13.89126549        1.2029537
  -0.783  -0.522    10       0.001        6500     0.9367653862      1.658979665      3.666115331    -0.1332904727      1.531036851      1.619226201      11.33676943      1.202175954
  -0.522  -0.261    10       0.001        6500      0.820837554      4.197345871      1.395948982     -3.028410765     0.1602487792     -1.264045607      14.23134162      1.173355233
  -0.261       0    10       0.001        6500     0.7370949137      5.745216617      2.597216088     -1.381032545     0.2379494572    0.05225150095       11.4301421       1.19730444
       0   0.261    10       0.001        6500     0.7158424871      6.210331672      2.602198489     -1.508172823      0.230101154    0.01670270341      11.30436737      1.211268908
   0.261   0.522    10       0.001        6500      1.012587902     0.4742769334      1.144113718   -0.07592129749      2.101249601      1.681504699        11.463244      1.188208846
   0.522   0.783    10       0.001        6500     0.7501092879      5.588291022      1.768356672     -2.625502395     0.1834375386    -0.7252835281       14.1540901      1.180390767
   0.783   1.044    10       0.001        6500     0.8962796765      2.569271944      4.208894241    -0.1955116582       1.12828749      1.521642761      13.96716943      1.195103741
   1.044   1.305    10       0.001        6500      1.011014772     0.9796014191      1.637678645    -0.1285731999      1.483844112      1.493417695      13.53462371       1.24088596
   1.305   1.479    10       0.001        6500     0.9729997262      1.752057033      3.073738478     -0.133971903      1.829921133      1.598202457      13.11171272      1.290496286
   1.479   1.653    10       0.001        6500     0.9489937878      1.548368756      2.792763315   -0.08659105221      3.252194533      1.647454581      16.69248046      1.262012234
   1.653    1.93    10       0.001        6500     0.9705994416      1.034958898      1.882530936   -0.05108926761      5.993881873      1.631124771      13.08463961      1.290827934
    1.93   2.172    10       0.001        6500     0.9517370186      1.014769152      1.447386861   -0.05427963777      7.154119721      1.583155022      12.72958127      1.321523625
   2.172   2.322    10       0.001        6500     0.9523436981     0.8493537788      0.868410693    -0.0495885853      11.10134072      1.548852836      12.51215749      1.356997106
   2.322     2.5    10       0.001        6500     0.9088869339       1.09672383      1.064360954   -0.04735698337      12.79497174      1.531330631      12.39275787      1.390236461
     2.5    2.65    10       0.001        6500     0.8234136437      1.953297045       2.35672085   -0.07151034071      8.778475209      1.470992614      12.99731993      1.343049747
    2.65   2.853    10       0.001        6500     0.6450703162      3.647524122       3.58012421   -0.08496350236      6.172043638      1.481408909      12.92026887      1.366120699
   2.853   2.964    10       0.001        6500      0.136677392      17.54874281      12.39636459   -0.05277357354      9.427058945      1.534105491      15.65927612      1.388308687
   2.964   3.139    10       0.001        6500     0.6530627559      9.615838824      8.281728264    -0.3037053617     0.2060879157      0.979153676      20.51184604      1.317500518
   3.139   3.489    10       0.001        6500     0.9907190322      8.307257489      16.78395434    -0.3400206907     0.3841495279      2.440814337      17.30701844      1.249156871
   3.489   3.839    10       0.001        6500      3.901485456      44.18217149      5.931164848     -40.74323132   0.007514225113     -13.14121115      14.14991336       1.21143184
   3.839   5.191    10       0.001        6500      1.170601667      6.650090229      25.58038489    -0.3328657733     0.6627491134      2.270291697      13.31240962      1.278937939
