[ud]
{2 JetEta JetPt 1 JetPt max(0.0001,[0]+([1]/(pow(log10(x),2)+[2]))+([3]*exp(-[4]*(log10(x)-[5])*(log10(x)-[5])))) Correction L5Flavor}
  -5.191  -3.839       0.001          15     8       0.001          15      1.303840725                0                0                0                0                0
  -5.191  -3.839          15   154.74076     8          15   154.74076      46.65331774      -4491.27481      99.97011783     -3.733601701     0.3280384533      3.152668636
  -3.839  -3.489       0.001          15     8       0.001          15      1.164235896                0                0                0                0                0
  -3.839  -3.489          15   218.74237     8          15   218.74237    -0.1453895137      32.11003245       23.1163412   -0.02335809874      11.89135281      1.689778556
  -3.489  -3.139       0.001          15     8       0.001          15      1.199871678                0                0                0                0                0
  -3.489  -3.139          15   436.73317     8          15   436.73317       1.21013206      6.660586715      20.84272899    -0.4961550898     0.2190031904      2.641854111
  -3.139  -2.964       0.001          15     8       0.001          15      1.342531613                0                0                0                0                0
  -3.139  -2.964          15   406.76083     8          15   406.76083     0.7364875654      2.309080886     0.5750367711    -0.8511685392     0.9734777377     0.5386886538
  -2.964  -2.853       0.001          15     8       0.001          15      1.252260598                0                0                0                0                0
  -2.964  -2.853          15    395.2237     8          15    395.2237    -0.1439123486      43.29977015      28.28931213   -0.06669765429      7.172359132       1.26423287
  -2.853   -2.65       0.001          15     8       0.001          15      1.251460244                0                0                0                0                0
  -2.853   -2.65          15   593.36889     8          15   593.36889      0.723278473      2.526482422      2.364062501    -0.1684616127      5.351732867      1.339453166
   -2.65    -2.5       0.001          15     8       0.001          15      1.356315916                0                0                0                0                0
   -2.65    -2.5          15   778.57134     8          15   778.57134     0.8805301158      1.031050656     0.1000009446    -0.2256148336      4.860868531      1.252076016
    -2.5  -2.322       0.001          15     8       0.001          15      1.207129808                0                0                0                0                0
    -2.5  -2.322          15   771.45088     8          15   771.45088      3.696846512      136.8545607      24.30604766     -8.172914672    0.01475203141    -0.5611397329
  -2.322  -2.172       0.001          15     8       0.001          15       1.22646151                0                0                0                0                0
  -2.322  -2.172          15     1003.73     8          15     1003.73      2.364236857      14.62214542      44.89408516     -1.633100205    0.01235999971      4.244067388
  -2.172   -1.93       0.001          15     8       0.001          15      1.229813257                0                0                0                0                0
  -2.172   -1.93          15   997.80426     8          15   997.80426     0.8744164864      2.505037671      5.588913804   -0.04074690632      14.32087798      1.580922668
   -1.93  -1.653       0.001          15     8       0.001          15      1.246173694                0                0                0                0                0
   -1.93  -1.653          15   1518.9986     8          15   1518.9986      0.929353995      1.517339856      3.328051817   -0.04806422658      10.18569323      1.642383273
  -1.653  -1.479       0.001          15     8       0.001          15      1.228833485                0                0                0                0                0
  -1.653  -1.479          15   1453.4945     8          15   1453.4945     0.9685236834      1.159586232      2.934043583   -0.06597075981      8.426289347      1.672303591
  -1.479  -1.305       0.001          15     8       0.001          15      1.219730368                0                0                0                0                0
  -1.479  -1.305          15   1850.0191     8          15   1850.0191      1.072880392      0.364494379     0.7337464088   -0.05390574811      4.093081305      1.605645875
  -1.305  -1.044       0.001          15     8       0.001          15      1.199432021                0                0                0                0                0
  -1.305  -1.044          15   2423.2088     8          15   2423.2088      0.748382174      5.072898027     0.8852016958     -16.34972833     0.1239818751      -3.05031738
  -1.044  -0.783       0.001          15     8       0.001          15      1.148667375                0                0                0                0                0
  -1.044  -0.783          15   2771.0451     8          15   2771.0451      1.044150833     0.2345530482     0.2993331366   -0.06316798099      2.725209356      1.642811974
  -0.783  -0.522       0.001          15     8       0.001          15      1.149594161                0                0                0                0                0
  -0.783  -0.522          15     2912.39     8          15     2912.39       1.01240556     0.4619196038     0.4651743292    -0.1215871427      1.339109683      1.413910463
  -0.522  -0.261       0.001          15     8       0.001          15      1.138858613                0                0                0                0                0
  -0.522  -0.261          15   3364.4949     8          15   3364.4949       1.02251459     0.2990236656     0.1000000052   -0.09165042928      1.424062732      1.401297095
  -0.261       0       0.001          15     8       0.001          15      1.131006574                0                0                0                0                0
  -0.261       0          15   3772.3174     8          15   3772.3174      1.009852888     0.4119363034      0.780818174   -0.08365625325      1.598494502      1.520540262
       0   0.261       0.001          15     8       0.001          15       1.14156527                0                0                0                0                0
       0   0.261          15     3508.97     8          15     3508.97      1.002827378     0.4788228834     0.6267037327    -0.1067221178      1.262817279       1.41173448
   0.261   0.522       0.001          15     8       0.001          15      1.138770103                0                0                0                0                0
   0.261   0.522          15   3434.0065     8          15   3434.0065      1.016586447     0.3380432586     0.1000000064    -0.1130510198      1.495804447        1.3876154
   0.522   0.783       0.001          15     8       0.001          15      1.117918524                0                0                0                0                0
   0.522   0.783          15   2992.9127     8          15   2992.9127      1.008939473     0.5113237308       1.64022698   -0.08555796572      1.899077674      1.606914193
   0.783   1.044       0.001          15     8       0.001          15      1.149901142                0                0                0                0                0
   0.783   1.044          15   2932.6823     8          15   2932.6823     0.9777050373      1.024632083       1.29004559    -0.2121526682     0.9981549218      1.246796881
   1.044   1.305       0.001          15     8       0.001          15      1.197904315                0                0                0                0                0
   1.044   1.305          15   2299.0307     8          15   2299.0307     0.9655193934      1.385710431     0.1006101804     -2.115966794     0.3153749645     -0.694926451
   1.305   1.479       0.001          15     8       0.001          15       1.21707473                0                0                0                0                0
   1.305   1.479          15   1934.9366     8          15   1934.9366      1.022674995     0.8707541632     0.1997332156    -0.4716499447     0.6658232934     0.5250983762
   1.479   1.653       0.001          15     8       0.001          15      1.217486749                0                0                0                0                0
   1.479   1.653          15   1468.6643     8          15   1468.6643     0.9703229291      1.168383994      2.783798416   -0.08362758878      5.547882735      1.583980505
   1.653    1.93       0.001          15     8       0.001          15      1.248824738                0                0                0                0                0
   1.653    1.93          15   1407.4971     8          15   1407.4971     0.9445967004      1.251659953      2.303502031   -0.06973767553      6.394540762      1.502535271
    1.93   2.172       0.001          15     8       0.001          15      1.162230944                0                0                0                0                0
    1.93   2.172          15   1006.8253     8          15   1006.8253       6.22506442      238.6889827      27.06859991     -14.46040592    0.01003571294     -1.507629983
   2.172   2.322       0.001          15     8       0.001          15      1.166055653                0                0                0                0                0
   2.172   2.322          15   989.62282     8          15   989.62282      5.697602354      235.0900327      27.43074839     -13.43441468    0.01174798958     -1.026035015
   2.322     2.5       0.001          15     8       0.001          15      1.181929614                0                0                0                0                0
   2.322     2.5          15   753.09673     8          15   753.09673      4.117147799      135.6426544      17.77412164     -11.29709158    0.01514438901      -1.64342889
     2.5    2.65       0.001          15     8       0.001          15      1.164814539                0                0                0                0                0
     2.5    2.65          15   770.99599     8          15   770.99599      9.445869652      260.2013298      22.45207989     -21.03860275   0.009399243575     -1.945139185
    2.65   2.853       0.001          15     8       0.001          15      1.250978251                0                0                0                0                0
    2.65   2.853          15   594.29809     8          15   594.29809     0.8132106708      1.418327205     0.7209636791    -0.2372225261      4.493186997      1.205653204
   2.853   2.964       0.001          15     8       0.001          15      1.223172113                0                0                0                0                0
   2.853   2.964          15   395.19952     8          15   395.19952     0.5536651844      8.252543428      8.851715592    -0.1395645493      4.855701373      1.240203731
   2.964   3.139       0.001          15     8       0.001          15      1.232393062                0                0                0                0                0
   2.964   3.139          15   384.41742     8          15   384.41742      18.91200777      243.4090519      12.67395776     -43.55737298   0.008735691439     -3.829322108
   3.139   3.489       0.001          15     8       0.001          15       1.19478918                0                0                0                0                0
   3.139   3.489          15    430.9242     8          15    430.9242      1.154731193      5.309317528      21.92170754    -0.3747777901     0.3609772284      2.559814025
   3.489   3.839       0.001          15     8       0.001          15      1.160854136                0                0                0                0                0
   3.489   3.839          15   216.14261     8          15   216.14261      0.232777213       17.7541848      17.74576942   -0.02832198388      15.02413341      1.821439332
   3.839   5.191       0.001          15     8       0.001          15      1.295032926                0                0                0                0                0
   3.839   5.191          15   207.50566     8          15   207.50566    -0.3971782623      34.12112153      18.70254274   -0.07414707228      6.023090933      1.810564395
[s]
{2 JetEta JetPt 1 JetPt max(0.0001,[0]+([1]/(pow(log10(x),2)+[2]))+([3]*exp(-[4]*(log10(x)-[5])*(log10(x)-[5])))) Correction L5Flavor}
  -5.191  -3.839       0.001          15     8       0.001          15      1.240113883                0                0                0                0                0
  -5.191  -3.839          15   101.62275     8          15   101.62275     -15.07134635      206.9292832      3.816800498     -36.31441426     0.3074614777   -0.01466633573
  -3.839  -3.489       0.001          15     8       0.001          15      1.145915751                0                0                0                0                0
  -3.839  -3.489          15    173.8827     8          15    173.8827     -0.682126309      72.99744798      38.54884898   -0.07017710574      66.43117903      1.849585858
  -3.489  -3.139       0.001          15     8       0.001          15       1.14850306                0                0                0                0                0
  -3.489  -3.139          15   193.15187     8          15   193.15187      13.60601901     -208.7423135      16.97056372     -3.807633953     0.3954994454      2.958240761
  -3.139  -2.964       0.001          15     8       0.001          15      1.471049544                0                0                0                0                0
  -3.139  -2.964          15   207.84972     8          15   207.84972     -1.198628303      34.26176108      9.286448093    -0.6234018258      2.704014707      1.404369024
  -2.964  -2.853       0.001          15     8       0.001          15      1.296776873                0                0                0                0                0
  -2.964  -2.853          15   204.81529     8          15   204.81529     -5.822215403      87.08399546       1.75684575     -83.18585022     0.1757284698     -1.641508635
  -2.853   -2.65       0.001          15     8       0.001          15      1.198936777                0                0                0                0                0
  -2.853   -2.65          15   444.28496     8          15   444.28496     -1.168823798      147.6994931      60.99621322   -0.04766966224              100      1.614141663
   -2.65    -2.5       0.001          15     8       0.001          15      1.377020232                0                0                0                0                0
   -2.65    -2.5          15   420.40075     8          15   420.40075     0.9290456895     0.7583763119     0.1000000042    -0.1281567025      15.02119394      1.392693684
    -2.5  -2.322       0.001          15     8       0.001          15      1.258176458                0                0                0                0                0
    -2.5  -2.322          15   421.60964     8          15   421.60964      1.555618116      11.21556203      14.48807353     -1.038323437    0.02329562191      2.375554001
  -2.322  -2.172       0.001          15     8       0.001          15      1.345627094                0                0                0                0                0
  -2.322  -2.172          15    410.3904     8          15    410.3904      0.946662413      1.027744795      1.192838871   -0.05870321334      99.99999974      1.626023878
  -2.172   -1.93       0.001          15     8       0.001          15      1.204156582                0                0                0                0                0
  -2.172   -1.93          15   743.98068     8          15   743.98068      2.052471855      42.52508456      15.22908466     -4.389844564   0.009665187006     -3.941381735
   -1.93  -1.653       0.001          15     8       0.001          15      1.227541306                0                0                0                0                0
   -1.93  -1.653          15   1022.1282     8          15   1022.1282      0.824312658      4.104425661       8.79571274   -0.03727051974      45.28267944       1.74000432
  -1.653  -1.479       0.001          15     8       0.001          15      1.202502243                0                0                0                0                0
  -1.653  -1.479          15   1027.7473     8          15   1027.7473     0.8635868127      3.696304311      9.275752712   -0.05731746562      8.506637342      1.659307964
  -1.479  -1.305       0.001          15     8       0.001          15       1.17121019                0                0                0                0                0
  -1.479  -1.305          15    944.3445     8          15    944.3445     0.6657046919      36.22434098      70.27644725    -0.0252492238      99.95078709      1.745819669
  -1.305  -1.044       0.001          15     8       0.001          15      1.158910916                0                0                0                0                0
  -1.305  -1.044          15   1468.1755     8          15   1468.1755     0.8770305433      7.236123007      24.27924111   -0.02723547027      15.02781896      1.790850102
  -1.044  -0.783       0.001          15     8       0.001          15      1.202454429                0                0                0                0                0
  -1.044  -0.783          15   1522.1037     8          15   1522.1037     0.7183468779      4.724013908       1.12240945     -3.223731141     0.2468134828    -0.6612042554
  -0.783  -0.522       0.001          15     8       0.001          15      1.175450847                0                0                0                0                0
  -0.783  -0.522          15   1518.7237     8          15   1518.7237     0.9505884621      1.412232218     0.1806930765     -4.253627319     0.1934714816     -1.904568731
  -0.522  -0.261       0.001          15     8       0.001          15      1.177674173                0                0                0                0                0
  -0.522  -0.261          15   1997.8445     8          15   1997.8445       0.94776211      1.548100464     0.1000000059     -99.64204801    0.08730924526     -6.244394029
  -0.261       0       0.001          15     8       0.001          15      1.187572356                0                0                0                0                0
  -0.261       0          15   2064.5514     8          15   2064.5514      1.018544067     0.3484761237     0.4521465729   -0.06392568263      4.169941125      1.694519943
       0   0.261       0.001          15     8       0.001          15      1.136078037                0                0                0                0                0
       0   0.261          15   2052.7324     8          15   2052.7324     0.6981235661      5.877790497      2.766463463     -1.409278315     0.2465423055   -0.04034622376
   0.261   0.522       0.001          15     8       0.001          15      1.198678202                0                0                0                0                0
   0.261   0.522          15   1967.5896     8          15   1967.5896      0.971136164     0.9206855254     0.2755123155     -0.372920845     0.6739435846      0.737210553
   0.522   0.783       0.001          15     8       0.001          15      1.250266118                0                0                0                0                0
   0.522   0.783          15   1540.7553     8          15   1540.7553     0.9084441646      1.767003981     0.1178450292     -2.507580219     0.2841651417    -0.7906770914
   0.783   1.044       0.001          15     8       0.001          15      1.216314881                0                0                0                0                0
   0.783   1.044          15   1500.5161     8          15   1500.5161      1.024680095     0.4216378717     0.3886677537    -0.0809304519      3.368099684      1.583055841
   1.044   1.305       0.001          15     8       0.001          15      1.170205909                0                0                0                0                0
   1.044   1.305          15   1490.0372     8          15   1490.0372     0.9649628805      2.508381766      10.67846084    -0.0357750589      9.299797091      1.702444855
   1.305   1.479       0.001          15     8       0.001          15      1.247374994                0                0                0                0                0
   1.305   1.479          15   981.49712     8          15   981.49712      1.019542126      1.248051964      3.842344936   -0.06700244187      6.520870275      1.702423131
   1.479   1.653       0.001          15     8       0.001          15      1.187712645                0                0                0                0                0
   1.479   1.653          15   1007.0031     8          15   1007.0031     -0.311550866      127.9561451      83.88935278   -0.04495593475       10.9238695       1.74614657
   1.653    1.93       0.001          15     8       0.001          15      1.245749618                0                0                0                0                0
   1.653    1.93          15   997.10019     8          15   997.10019     0.9550052206      1.467467661      3.664086861   -0.03506227882      99.99999208      1.758873059
    1.93   2.172       0.001          15     8       0.001          15       1.28826294                0                0                0                0                0
    1.93   2.172          15   773.75692     8          15   773.75692     0.9340025392      1.417824161       2.61841756   -0.04841598257       37.5436187      1.602106979
   2.172   2.322       0.001          15     8       0.001          15      1.272248032                0                0                0                0                0
   2.172   2.322          15   556.39523     8          15   556.39523     0.8898421251      1.207998393     0.3658046881    -0.3163196383       2.57342332      1.076041861
   2.322     2.5       0.001          15     8       0.001          15      1.356254064                0                0                0                0                0
   2.322     2.5          15   418.71403     8          15   418.71403     0.9310924925     0.8471687397      0.237894138    -0.1028878643      5.487192968      1.275736606
     2.5    2.65       0.001          15     8       0.001          15      1.226553837                0                0                0                0                0
     2.5    2.65          15   406.84493     8          15   406.84493     0.8348962411      1.303943459     0.4905294967    -0.3171491672      3.897912531      1.072896422
    2.65   2.853       0.001          15     8       0.001          15      1.263403957                0                0                0                0                0
    2.65   2.853          15   428.61273     8          15   428.61273     0.7036679413      2.480105669      1.888793301    -0.2045777423      4.793059561      1.257079755
   2.853   2.964       0.001          15     8       0.001          15       1.36517334                0                0                0                0                0
   2.853   2.964          15   197.48967     8          15   197.48967     -0.667049487      47.41482558      21.34941026    -0.1502672545      12.50408982      1.463373597
   2.964   3.139       0.001          15     8       0.001          15      1.271645943                0                0                0                0                0
   2.964   3.139          15   312.01501     8          15   312.01501     0.6056985199       9.45211511      8.182034273    -0.3223491855     0.3148163266      1.141455638
   3.139   3.489       0.001          15     8       0.001          15      1.149985287                0                0                0                0                0
   3.139   3.489          15   227.44268     8          15   227.44268      1.812741751       19.1545765      12.39753213     -7.688816713  0.0005109514546     -49.66287918
   3.489   3.839       0.001          15     8       0.001          15      1.123409226                0                0                0                0                0
   3.489   3.839          15   167.57155     8          15   167.57155     -1.811832214      268.9170525      45.97340882     -65.78296293  0.0005654996882     -73.77978888
   3.839   5.191       0.001          15     8       0.001          15      1.222858058                0                0                0                0                0
   3.839   5.191          15   95.189636     8          15   95.189636     -1.782155501      116.0666545      37.22074056   -0.09287057909      31.09114316       1.53783275
[c]
{2 JetEta JetPt 1 JetPt max(0.0001,[0]+([1]/(pow(log10(x),2)+[2]))+([3]*exp(-[4]*(log10(x)-[5])*(log10(x)-[5])))) Correction L5Flavor}
  -5.191  -3.839       0.001          15     8       0.001          15      1.270638502                0                0                0                0                0
  -5.191  -3.839          15   158.33477     8          15   158.33477    -0.1889967504      24.00693764      15.06402627   -0.04307839089              100      1.592685026
  -3.839  -3.489       0.001          15     8       0.001          15      1.213315695                0                0                0                0                0
  -3.839  -3.489          15   216.13036     8          15   216.13036     0.9270224731      6.956321703      20.24431666    -0.1944458436      1.458495224      2.257262522
  -3.489  -3.139       0.001          15     8       0.001          15      1.278810411                0                0                0                0                0
  -3.489  -3.139          15   298.02966     8          15   298.02966     0.6500884602      3.658501481      4.435759166   -0.07104889192      72.41559941      1.858362056
  -3.139  -2.964       0.001          15     8       0.001          15      1.435238658                0                0                0                0                0
  -3.139  -2.964          15   299.38826     8          15   299.38826      -1.32772636      70.06147997      22.38709397    -0.2563007513      2.362800871      1.549151021
  -2.964  -2.853       0.001          15     8       0.001          15      1.383590893                0                0                0                0                0
  -2.964  -2.853          15   307.36538     8          15   307.36538     -2.174147258      114.0730245      29.04413224    -0.2677654043      5.988342356      1.413069534
  -2.853   -2.65       0.001          15     8       0.001          15      1.350363413                0                0                0                0                0
  -2.853   -2.65          15   420.28962     8          15   420.28962     0.5176190629      3.936835987     0.2499456687     -5.097521451     0.5069331937    -0.3448624365
   -2.65    -2.5       0.001          15     8       0.001          15      1.385400571                0                0                0                0                0
   -2.65    -2.5          15    567.3942     8          15    567.3942     0.8211577703       1.76044382       1.20479479    -0.1540387481      5.482098941      1.403563151
    -2.5  -2.322       0.001          15     8       0.001          15      1.363142702                0                0                0                0                0
    -2.5  -2.322          15   559.16592     8          15   559.16592     0.8861273938      1.526459386      1.816829718   -0.05435239952      55.33226379       1.65032334
  -2.322  -2.172       0.001          15     8       0.001          15      1.370681439                0                0                0                0                0
  -2.322  -2.172          15   765.58825     8          15   765.58825      0.836895979      1.981579824     0.1006409949     -6.021978825     0.3515588007     -1.218869266
  -2.172   -1.93       0.001          15     8       0.001          15      1.357683471                0                0                0                0                0
  -2.172   -1.93          15   1016.7618     8          15   1016.7618     0.9491486412      1.238307997       1.56553756   -0.06682908914      11.74647454       1.56399728
   -1.93  -1.653       0.001          15     8       0.001          15      1.304587942                0                0                0                0                0
   -1.93  -1.653          15   1044.6162     8          15   1044.6162     0.9634824114      1.246549707      2.269431839   -0.04416166485      17.10822383      1.746240854
  -1.653  -1.479       0.001          15     8       0.001          15      1.250468054                0                0                0                0                0
  -1.653  -1.479          15    1027.495     8          15    1027.495     0.9464700327      1.890870708      4.808480993   -0.03891542764       8.71746874      1.794249577
  -1.479  -1.305       0.001          15     8       0.001          15      1.262155557                0                0                0                0                0
  -1.479  -1.305          15   1491.7243     8          15   1491.7243     0.9175253882      2.878131172      5.872637308    -0.0927504216      2.537967558      1.653315282
  -1.305  -1.044       0.001          15     8       0.001          15       1.27081182                0                0                0                0                0
  -1.305  -1.044          15   1954.4976     8          15   1954.4976     0.9113415707      2.544566655     0.5731066508     -5.707057905     0.1600556267     -2.179537817
  -1.044  -0.783       0.001          15     8       0.001          15      1.223249775                0                0                0                0                0
  -1.044  -0.783          15    2015.523     8          15    2015.523     0.8384182531       3.63389794     0.9418887739     -4.599318779     0.1573731155     -1.765799621
  -0.783  -0.522       0.001          15     8       0.001          15      1.209168412                0                0                0                0                0
  -0.783  -0.522          15   2705.5875     8          15   2705.5875     0.7632853932      4.630297823     0.9677852157     -6.561071047     0.1496592675     -1.947343489
  -0.522  -0.261       0.001          15     8       0.001          15      1.193624435                0                0                0                0                0
  -0.522  -0.261          15    2585.546     8          15    2585.546     0.8414314526       3.46934821     0.8969778793     -7.076606722     0.1263723848     -2.598354093
  -0.261       0       0.001          15     8       0.001          15      1.190437135                0                0                0                0                0
  -0.261       0          15    2601.785     8          15    2601.785     0.7264224618      5.309544788      1.686586308     -2.546475324     0.1961633071    -0.7118110493
       0   0.261       0.001          15     8       0.001          15      1.195620142                0                0                0                0                0
       0   0.261          15   2566.9823     8          15   2566.9823     0.9561371655      1.184538302     0.6035981184    -0.4372694032     0.4575302109     0.5090329715
   0.261   0.522       0.001          15     8       0.001          15       1.20266094                0                0                0                0                0
   0.261   0.522          15   2572.2817     8          15   2572.2817     0.8010504326      3.941584363     0.9533086712     -4.982833918     0.1565099637     -1.766252153
   0.522   0.783       0.001          15     8       0.001          15      1.197604951                0                0                0                0                0
   0.522   0.783          15   2605.9248     8          15   2605.9248     0.7556169963      4.576738655      1.061040536     -4.562852457     0.1760255709     -1.390932026
   0.783   1.044       0.001          15     8       0.001          15       1.23034545                0                0                0                0                0
   0.783   1.044          15   2036.3366     8          15   2036.3366     0.7655759428      4.409433602      0.899993686     -4.986792474     0.1841747513     -1.401778817
   1.044   1.305       0.001          15     8       0.001          15      1.291292461                0                0                0                0                0
   1.044   1.305          15   1971.5362     8          15   1971.5362     0.9394017896      1.991503638     0.1001191084     -18.85895516     0.1405446517     -3.402504914
   1.305   1.479       0.001          15     8       0.001          15      1.228738192                0                0                0                0                0
   1.305   1.479          15   1468.9936     8          15   1468.9936     -3.729780164      148.9592157      8.952347273     -11.87138747     0.1208350301    -0.1966770549
   1.479   1.653       0.001          15     8       0.001          15      1.275416528                0                0                0                0                0
   1.479   1.653          15   1504.9499     8          15   1504.9499     0.7146087867      4.501447474     0.8337174086     -6.245296463     0.2159443509     -1.412294133
   1.653    1.93       0.001          15     8       0.001          15        1.3154285                0                0                0                0                0
   1.653    1.93          15   989.18014     8          15   989.18014     0.9400063737      1.540607625      2.700280521   -0.04803025548      13.03027297      1.675738689
    1.93   2.172       0.001          15     8       0.001          15        1.2872352                0                0                0                0                0
    1.93   2.172          15    1011.063     8          15    1011.063     0.9269327176      1.670383303      3.252867622   -0.03796012843       99.9999869      1.688050929
   2.172   2.322       0.001          15     8       0.001          15       1.30173376                0                0                0                0                0
   2.172   2.322          15   771.15266     8          15   771.15266     0.8737546459      2.072845374      3.313292955   -0.04644434436      6.549589117      1.611967151
   2.322     2.5       0.001          15     8       0.001          15      1.316847718                0                0                0                0                0
   2.322     2.5          15   566.90416     8          15   566.90416     0.9288556766      1.143675845      1.564486304   -0.06203165799      99.99999954      1.530386751
     2.5    2.65       0.001          15     8       0.001          15      1.284434107                0                0                0                0                0
     2.5    2.65          15   577.52673     8          15   577.52673     0.4425457753      10.75183333      11.38729465   -0.03127280115      24.77580913      1.694627521
    2.65   2.853       0.001          15     8       0.001          15      1.226512443                0                0                0                0                0
    2.65   2.853          15   428.70583     8          15   428.70583    -0.2173929971      49.20796462      32.69657888   -0.02702800389       93.7275839      1.723855349
   2.853   2.964       0.001          15     8       0.001          15       1.40020527                0                0                0                0                0
   2.853   2.964          15   303.56263     8          15   303.56263      0.337745299      9.426811287      6.466797403    -0.2058961764       7.14184308      1.411908155
   2.964   3.139       0.001          15     8       0.001          15      1.366622532                0                0                0                0                0
   2.964   3.139          15    300.5604     8          15    300.5604    -0.5044252025      44.95190905      22.45848721   -0.09322322324      71.08468358      1.338229246
   3.139   3.489       0.001          15     8       0.001          15      1.281018699                0                0                0                0                0
   3.139   3.489          15   321.10181     8          15   321.10181     0.6104536769      3.973416637      4.541186422   -0.01900967108      18.32264953      1.700027722
   3.489   3.839       0.001          15     8       0.001          15      1.237260216                0                0                0                0                0
   3.489   3.839          15   223.90795     8          15   223.90795     0.2950676833        139.42799      85.08757955     -6.400230195   0.005733331538      21.01465106
   3.839   5.191       0.001          15     8       0.001          15      1.288026748                0                0                0                0                0
   3.839   5.191          15   159.50161     8          15   159.50161     0.4112347231      11.03730009      8.430420338    -0.2535792103  3.051529782e-05      28.41835841
[b]
{2 JetEta JetPt 1 JetPt max(0.0001,[0]+([1]/(pow(log10(x),2)+[2]))+([3]*exp(-[4]*(log10(x)-[5])*(log10(x)-[5])))) Correction L5Flavor}
  -5.191  -3.839       0.001          15     8       0.001          15      1.302421231                0                0                0                0                0
  -5.191  -3.839          15   88.862022     8          15   88.862022      1.671961823      9.253884018      14.15772604     -1.089823902      0.143003341      2.098414252
  -3.839  -3.489       0.001          15     8       0.001          15      1.272550576                0                0                0                0                0
  -3.839  -3.489          15   157.93628     8          15   157.93628     -2.587794402      42.44144064      1.651247914     -37.78746568     0.1965967851     -1.411999331
  -3.489  -3.139       0.001          15     8       0.001          15      1.297722403                0                0                0                0                0
  -3.489  -3.139          15   227.00561     8          15   227.00561     0.7938337104      1.701011498      1.992577697   -0.04061692151      99.99999015      1.727927901
  -3.139  -2.964       0.001          15     8       0.001          15     0.5194896588                0                0                0                0                0
  -3.139  -2.964          15   289.44749     8          15   289.44749     -4.367479095      580.4432357      99.96777414     -1.891488952      99.99999803      1.086002025
  -2.964  -2.853       0.001          15     8       0.001          15       1.30729329                0                0                0                0                0
  -2.964  -2.853          15   270.21999     8          15   270.21999     0.4431057253      6.671190452      4.173839347    -0.3381331312       3.39610574      1.136171554
  -2.853   -2.65       0.001          15     8       0.001          15      1.336784159                0                0                0                0                0
  -2.853   -2.65          15   440.02737     8          15   440.02737     0.6806290328      4.085940197       4.83071754   -0.07222199759      20.27677523      1.617384184
   -2.65    -2.5       0.001          15     8       0.001          15      1.458738313                0                0                0                0                0
   -2.65    -2.5          15   418.28174     8          15   418.28174      0.818103581      1.514270464      0.132112876    -0.3598592458      3.864240793      1.205192439
    -2.5  -2.322       0.001          15     8       0.001          15      1.412789651                0                0                0                0                0
    -2.5  -2.322          15   491.90265     8          15   491.90265     0.8847875508      1.672530842      1.756403437   -0.06517243162      15.76606099      1.584150906
  -2.322  -2.172       0.001          15     8       0.001          15      1.589618634                0                0                0                0                0
  -2.322  -2.172          15   588.68426     8          15   588.68426   -0.02397874533      11.84424342     0.7368359991     -18.53244219     0.2218445785     -1.458587288
  -2.172   -1.93       0.001          15     8       0.001          15      1.337902606                0                0                0                0                0
  -2.172   -1.93          15   719.37649     8          15   719.37649     0.9149281701      1.360056423     0.1008750765     -3.997840506     0.4629723273    -0.9496446154
   -1.93  -1.653       0.001          15     8       0.001          15      1.339306715                0                0                0                0                0
   -1.93  -1.653          15   996.90966     8          15   996.90966     0.8016404851      3.390996524      4.636286975   -0.05667267048      3.753775988      1.635403543
  -1.653  -1.479       0.001          15     8       0.001          15      1.300640346                0                0                0                0                0
  -1.653  -1.479          15   1034.3841     8          15   1034.3841     0.9120485891      1.981669153       3.27561971   -0.05934888885      3.020397593      1.574245112
  -1.479  -1.305       0.001          15     8       0.001          15      1.307803222                0                0                0                0                0
  -1.479  -1.305          15   1022.1559     8          15   1022.1559      1.038958051     0.7304846796     0.3676856162     -4.922026898     0.1511664468     -3.636928814
  -1.305  -1.044       0.001          15     8       0.001          15      1.318681747                0                0                0                0                0
  -1.305  -1.044          15   1480.2221     8          15   1480.2221     0.8635579419      2.444637169     0.3662196208     -8.018914104     0.1932403326     -2.152688847
  -1.044  -0.783       0.001          15     8       0.001          15      1.212609641                0                0                0                0                0
  -1.044  -0.783          15   1566.0588     8          15   1566.0588      0.594515133      7.943323974      2.989286157      -1.62417826     0.2451792498     0.0628123039
  -0.783  -0.522       0.001          15     8       0.001          15      1.235868619                0                0                0                0                0
  -0.783  -0.522          15   2050.7149     8          15   2050.7149     0.8299698527      3.620853477      1.004827449      -6.99868951     0.1137798844     -2.846433282
  -0.522  -0.261       0.001          15     8       0.001          15      1.219088155                0                0                0                0                0
  -0.522  -0.261          15   2500.0522     8          15   2500.0522     0.9528795365      1.145596701     0.2419601009     -8.444325435     0.1159981833     -3.873201042
  -0.261       0       0.001          15     8       0.001          15      1.222560779                0                0                0                0                0
  -0.261       0          15   2630.5981     8          15   2630.5981     0.8618520471       2.49182296     0.7217392417     -4.976911978     0.1416953488     -2.387577899
       0   0.261       0.001          15     8       0.001          15      1.196728749                0                0                0                0                0
       0   0.261          15   2134.3424     8          15   2134.3424     0.7990914115      3.773501042      1.606545609     -2.101058735     0.1700241073     -1.109287708
   0.261   0.522       0.001          15     8       0.001          15      1.187520605                0                0                0                0                0
   0.261   0.522          15   2540.6553     8          15   2540.6553      1.016373019     0.4343236423     0.1000002542    -0.9229423214    0.09451975224      -3.45383684
   0.522   0.783       0.001          15     8       0.001          15      1.216330951                0                0                0                0                0
   0.522   0.783          15   2151.2605     8          15   2151.2605     0.7358471927       5.55986348      1.384886342     -10.41421567    0.09779429595     -3.253857278
   0.783   1.044       0.001          15     8       0.001          15      1.266811061                0                0                0                0                0
   0.783   1.044          15   1569.5024     8          15   1569.5024     0.9502657286       1.49257063     0.1000000078     -13.69661432     0.1232343335     -3.748420297
   1.044   1.305       0.001          15     8       0.001          15      1.336743849                0                0                0                0                0
   1.044   1.305          15   1575.2099     8          15   1575.2099     0.9141975817       1.95269777     0.1000783161     -43.78539242     0.1237110906     -4.432448342
   1.305   1.479       0.001          15     8       0.001          15      1.369583909                0                0                0                0                0
   1.305   1.479          15   1002.4037     8          15   1002.4037     0.7509527982      4.200853555     0.8948547745     -2.839846595     0.2893925187    -0.5280851511
   1.479   1.653       0.001          15     8       0.001          15      1.290912144                0                0                0                0                0
   1.479   1.653          15   1037.3104     8          15   1037.3104     0.9124229634       2.15941007      4.301521826   -0.02932491434      8.182590731      1.787725815
   1.653    1.93       0.001          15     8       0.001          15      1.443239004                0                0                0                0                0
   1.653    1.93          15   1034.8595     8          15   1034.8595     0.7923965498      2.587864567     0.1000000146     -3.659734957     0.4177565353    -0.5241033641
    1.93   2.172       0.001          15     8       0.001          15      1.397071513                0                0                0                0                0
    1.93   2.172          15   745.85889     8          15   745.85889     0.8799491832      1.924480517      2.331336081   -0.06492914736      21.58703029      1.617194584
   2.172   2.322       0.001          15     8       0.001          15      1.425333593                0                0                0                0                0
   2.172   2.322          15   564.28768     8          15   564.28768     0.6282551723      4.537019511      3.156308125     -0.247031932      2.706863099        1.4474988
   2.322     2.5       0.001          15     8       0.001          15      1.383349907                0                0                0                0                0
   2.322     2.5          15   587.17637     8          15   587.17637     0.8013202561        2.3919925      2.723074221   -0.06296727287      30.95299384      1.571921365
     2.5    2.65       0.001          15     8       0.001          15      1.369344088                0                0                0                0                0
     2.5    2.65          15   431.81793     8          15   431.81793     0.5529865527      5.697337179      5.576438849   -0.06921327568      16.54612331       1.63058657
    2.65   2.853       0.001          15     8       0.001          15      1.457129695                0                0                0                0                0
    2.65   2.853          15   435.96258     8          15   435.96258     0.6073553202      2.759315691       0.10000003     -1.303701252      1.444899833     0.7562844226
   2.853   2.964       0.001          15     8       0.001          15      1.453006502                0                0                0                0                0
   2.853   2.964          15   316.38966     8          15   316.38966     -3.296635832      257.4206635      52.81441112   -0.07881655225      48.73817781       1.58111779
   2.964   3.139       0.001          15     8       0.001          15      1.326182929                0                0                0                0                0
   2.964   3.139          15   306.69039     8          15   306.69039       2.39903222      43.83203964      5.927442746     -33.40578129    0.01157243855     -10.40860021
   3.139   3.489       0.001          15     8       0.001          15      1.336616947                0                0                0                0                0
   3.139   3.489          15   216.43809     8          15   216.43809      1.570072901     0.2214270695     0.1000102673     -4.995175604    0.01714623219      13.41620805
   3.489   3.839       0.001          15     8       0.001          15      1.289925683                0                0                0                0                0
   3.489   3.839          15   160.35695     8          15   160.35695     0.3546310012      8.287302331      7.477441562   -0.06616937289              100      1.566070279
   3.839   5.191       0.001          15     8       0.001          15      1.265741632                0                0                0                0                0
   3.839   5.191          15   91.623657     8          15   91.623657     -2.174598477      163.2414797      45.92361492     -20.41118031  0.0001112147531      262.3494818
[g]
{2 JetEta JetPt 1 JetPt max(0.0001,[0]+([1]/(pow(log10(x),2)+[2]))+([3]*exp(-[4]*(log10(x)-[5])*(log10(x)-[5])))) Correction L5Flavor}
  -5.191  -3.839       0.001          15     8       0.001          15      1.289255171                0                0                0                0                0
  -5.191  -3.839          15   159.93996     8          15   159.93996     0.3506002142      8.474323236      7.584102662    -0.0248957043      8.474041972      1.577140436
  -3.839  -3.489       0.001          15     8       0.001          15      1.219914982                0                0                0                0                0
  -3.839  -3.489          15   209.11389     8          15   209.11389     0.4816264748      8.937640821      10.67624575   -0.04000298309      11.22474454      1.661402315
  -3.489  -3.139       0.001          15     8       0.001          15      1.305208037                0                0                0                0                0
  -3.489  -3.139          15   215.16745     8          15   215.16745      1.303102732       9.79076873      10.45474249    -0.9088284071     0.1649809346      1.942151777
  -3.139  -2.964       0.001          15     8       0.001          15      1.361641377                0                0                0                0                0
  -3.139  -2.964          15   286.04838     8          15   286.04838     0.8729775422      1.411813022     0.1000001712     -1.667496751     0.9954963253    0.04176788162
  -2.964  -2.853       0.001          15     8       0.001          15       1.36199901                0                0                0                0                0
  -2.964  -2.853          15   365.77737     8          15   365.77737    -0.3807318262      49.47689941       26.7857371   -0.06769291856      12.49647221       1.53360601
  -2.853   -2.65       0.001          15     8       0.001          15      1.284588237                0                0                0                0                0
  -2.853   -2.65          15   426.96933     8          15   426.96933     0.1240719928      20.61337088      16.28347655    -0.0642495862      14.34860548      1.578687563
   -2.65    -2.5       0.001          15     8       0.001          15      1.349482072                0                0                0                0                0
   -2.65    -2.5          15   550.81638     8          15   550.81638     0.8016770437      2.229738008      2.263879383    -0.1052055522      5.992848651      1.466013774
    -2.5  -2.322       0.001          15     8       0.001          15        1.3594521                0                0                0                0                0
    -2.5  -2.322          15   555.25157     8          15   555.25157     0.8826791886      1.549469404      1.717322537   -0.05968158346      8.300648081      1.515229196
  -2.322  -2.172       0.001          15     8       0.001          15      1.394919349                0                0                0                0                0
  -2.322  -2.172          15   758.49128     8          15   758.49128     0.9403538748      1.119263163     0.7263665392   -0.09885269688      5.173325306      1.401506261
  -2.172   -1.93       0.001          15     8       0.001          15      1.304300488                0                0                0                0                0
  -2.172   -1.93          15   1017.5015     8          15   1017.5015     0.9636200179      1.204205362      1.909442048   -0.05805575908      7.177766886      1.518319309
   -1.93  -1.653       0.001          15     8       0.001          15      1.287250802                0                0                0                0                0
   -1.93  -1.653          15   999.52895     8          15   999.52895     0.9137802916      1.967963093      3.689792097   -0.05292947138      5.662533257      1.654792513
  -1.653  -1.479       0.001          15     8       0.001          15       1.26866094                0                0                0                0                0
  -1.653  -1.479          15   1416.9752     8          15   1416.9752     0.9230952582      2.144469575      4.358766752   -0.07775179114      4.033160703      1.680121597
  -1.479  -1.305       0.001          15     8       0.001          15      1.272948394                0                0                0                0                0
  -1.479  -1.305          15   1434.7449     8          15   1434.7449     0.7450943049      5.596526527      1.240263595     -4.458135234     0.1933539105     -1.122230456
  -1.305  -1.044       0.001          15     8       0.001          15      1.246760686                0                0                0                0                0
  -1.305  -1.044          15   1923.4516     8          15   1923.4516     0.7816747843      4.500803421      1.236938757     -2.578897634     0.2444425993    -0.5426087704
  -1.044  -0.783       0.001          15     8       0.001          15      1.202212599                0                0                0                0                0
  -1.044  -0.783          15   2526.8439     8          15   2526.8439     0.6931282552      6.238429155      1.444831955     -3.995403916     0.1880610271    -0.9578465437
  -0.783  -0.522       0.001          15     8       0.001          15      1.181364016                0                0                0                0                0
  -0.783  -0.522          15   2541.4601     8          15   2541.4601     0.6493259699      6.993113583        1.6455826     -3.971013539     0.1814779636    -0.9289650263
  -0.522  -0.261       0.001          15     8       0.001          15      1.181516204                0                0                0                0                0
  -0.522  -0.261          15   2999.8908     8          15   2999.8908     0.7118738855      5.794516787       1.45507026     -3.901373755     0.1751042655      -1.10235793
  -0.261       0       0.001          15     8       0.001          15      1.171388284                0                0                0                0                0
  -0.261       0          15   3028.9234     8          15   3028.9234     0.7938721231      4.151936552      3.803284213    -0.4236475204     0.5561430818      1.124272848
       0   0.261       0.001          15     8       0.001          15      1.178214754                0                0                0                0                0
       0   0.261          15   3016.7923     8          15   3016.7923     0.8723857317       2.60154746      1.919857227    -0.5131339169     0.4715670062     0.8105066188
   0.261   0.522       0.001          15     8       0.001          15      1.179451945                0                0                0                0                0
   0.261   0.522          15     2897.15     8          15     2897.15     0.6237180555      7.584124126        1.9500025     -3.245224363     0.1909023607    -0.6478595895
   0.522   0.783       0.001          15     8       0.001          15      1.179027001                0                0                0                0                0
   0.522   0.783          15   2513.8318     8          15   2513.8318     0.6175152453       7.62488724      2.206205943     -2.428338764     0.2259141444    -0.2206740269
   0.783   1.044       0.001          15     8       0.001          15      1.191089959                0                0                0                0                0
   0.783   1.044          15   2547.5929     8          15   2547.5929     0.9110269307      2.214685389      3.041973191    -0.2314838851       0.99132892      1.398440089
   1.044   1.305       0.001          15     8       0.001          15      1.221299479                0                0                0                0                0
   1.044   1.305          15   2006.1517     8          15   2006.1517     0.3253899934      13.66534881       3.56067346     -2.419253701     0.2555812004     0.1704221244
   1.305   1.479       0.001          15     8       0.001          15      1.265501337                0                0                0                0                0
   1.305   1.479          15    1365.784     8          15    1365.784      0.711905612      5.989024323      1.332432547     -3.837665497     0.2183114522    -0.7889657114
   1.479   1.653       0.001          15     8       0.001          15      1.261664109                0                0                0                0                0
   1.479   1.653          15   978.91319     8          15   978.91319     0.8868331918      2.766216854      4.798555922    -0.1105739269      2.657420782      1.573654991
   1.653    1.93       0.001          15     8       0.001          15      1.297926664                0                0                0                0                0
   1.653    1.93          15   968.80583     8          15   968.80583     0.9370849944      1.657791013         3.042301   -0.05255969507      5.877675916      1.653614067
    1.93   2.172       0.001          15     8       0.001          15       1.30669991                0                0                0                0                0
    1.93   2.172          15    1010.179     8          15    1010.179      0.892392951      2.024561192      3.386956495    -0.0547317632      8.665786658      1.617479626
   2.172   2.322       0.001          15     8       0.001          15      1.301735474                0                0                0                0                0
   2.172   2.322          15   729.75273     8          15   729.75273     0.9386364434      1.123902527      1.287026778   -0.08491395055       5.78663548      1.433890018
   2.322     2.5       0.001          15     8       0.001          15      1.349895919                0                0                0                0                0
   2.322     2.5          15   544.38102     8          15   544.38102     0.9127401346      1.191985165      1.183315242   -0.06960659053      8.240802806      1.513215751
     2.5    2.65       0.001          15     8       0.001          15      1.353549878                0                0                0                0                0
     2.5    2.65          15   566.11328     8          15   566.11328     0.8150160393      1.908684013      1.703548153    -0.1103221144      5.387012982      1.421214992
    2.65   2.853       0.001          15     8       0.001          15      1.308648542                0                0                0                0                0
    2.65   2.853          15   430.29585     8          15   430.29585     0.4576236992      6.280010521      4.660273098    -0.2090746954      3.289066853      1.355301203
   2.853   2.964       0.001          15     8       0.001          15      1.362480604                0                0                0                0                0
   2.853   2.964          15   287.75298     8          15   287.75298     0.5308571365      8.145206087      7.711039641    -0.1050149112      7.975702882      1.425185434
   2.964   3.139       0.001          15     8       0.001          15      1.363694022                0                0                0                0                0
   2.964   3.139          15   298.14344     8          15   298.14344    -0.3389704057      40.35806943      22.28475469   -0.02370889673      18.54339605      1.523959678
   3.139   3.489       0.001          15     8       0.001          15      1.290479681                0                0                0                0                0
   3.139   3.489          15   321.38556     8          15   321.38556      0.677851396      3.140956488      3.742945515   -0.02488157736      16.84234802      1.745658669
   3.489   3.839       0.001          15     8       0.001          15      1.229012238                0                0                0                0                0
   3.489   3.839          15   215.35695     8          15   215.35695     0.5861689011      9.199644536      8.243539878     -0.313257369     0.2880209216      1.247931104
   3.839   5.191       0.001          15     8       0.001          15        1.2843586                0                0                0                0                0
   3.839   5.191          15   153.84204     8          15   153.84204     0.4593923897      7.037372647      3.214834187    -0.9040033381     0.3101234507     0.2821145544
